[38;2;30;30;60;48;2;18;18;36m                                                            [0m
[38;2;30;30;60;48;2;18;18;36m                                                            [0m
[38;2;30;30;60;48;2;18;18;36m [38;2;132;114;72;48;2;55;47;30m#######[38;2;30;30;60;48;2;18;18;36m                                [38;2;15;15;30;48;2;15;15;30m       [38;2;30;30;60;48;2;18;18;36m [38;2;15;15;30;48;2;15;15;30m         [38;2;30;30;60;48;2;18;18;36m   [0m
[38;2;30;30;60;48;2;18;18;36m [38;2;132;114;72;48;2;55;47;30m#[38;2;191;153;87;48;2;51;41;23m.[38;2;192;156;87;48;2;51;42;23m.[38;2;197;159;88;48;2;53;43;23m.[38;2;200;162;88;48;2;53;43;23m.[38;2;204;165;89;48;2;54;44;24m.[38;2;132;114;72;48;2;55;47;30m#[38;2;30;30;60;48;2;18;18;36m        [38;2;15;15;30;48;2;15;15;30m      [38;2;30;30;60;48;2;18;18;36m                  [38;2;15;15;30;48;2;15;15;30m       [38;2;30;30;60;48;2;18;18;36m [38;2;15;15;30;48;2;15;15;30m         [38;2;30;30;60;48;2;18;18;36m   [0m
[38;2;30;30;60;48;2;18;18;36m [38;2;132;114;72;48;2;55;47;30m#[38;2;197;159;88;48;2;53;43;23m.[38;2;201;162;88;48;2;54;43;23m.[38;2;204;165;89;48;2;54;44;24m.[38;2;202;163;89;48;2;54;44;24m.[38;2;200;162;88;48;2;53;43;23m.[38;2;132;114;72;48;2;55;47;30m#[38;2;30;30;60;48;2;18;18;36m        [38;2;15;15;30;48;2;15;15;30m      [38;2;30;30;60;48;2;18;18;36m                  [38;2;15;15;30;48;2;15;15;30m       [38;2;30;30;60;48;2;18;18;36m [38;2;15;15;30;48;2;15;15;30m         [38;2;30;30;60;48;2;18;18;36m   [0m
[38;2;30;30;60;48;2;18;18;36m [38;2;132;114;72;48;2;55;47;30m#[38;2;197;159;88;48;2;53;43;23m.[38;2;201;163;89;48;2;54;44;24m.[38;2;204;166;89;48;2;54;44;24m.[38;2;202;163;89;48;2;54;44;24m.[38;2;196;158;88;48;2;52;42;23m.[38;2;132;114;72;48;2;55;47;30m######[38;2;30;30;60;48;2;18;18;36m   [38;2;15;15;30;48;2;15;15;30m      [38;2;30;30;60;48;2;18;18;36m                  [38;2;15;15;30;48;2;15;15;30m                 [38;2;30;30;60;48;2;18;18;36m   [0m
[38;2;30;30;60;48;2;18;18;36m [38;2;132;114;72;48;2;55;47;30m#[38;2;191;153;87;48;2;51;41;23m.[38;2;192;154;87;48;2;51;41;23m.[38;2;255;255;255;48;2;56;45;24m@[38;2;202;163;89;48;2;114;64;44m.[38;2;198;161;88;48;2;113;63;43m.[38;2;191;153;87;48;2;111;61;43m.[38;2;188;152;85;48;2;50;40;23m.[38;2;197;158;88;48;2;53;42;23m.[38;2;201;162;89;48;2;54;43;24m.[38;2;195;157;87;48;2;52;42;23m.[38;2;188;152;85;48;2;50;40;23m.[38;2;188;152;87;48;2;50;40;23m.[38;2;15;15;30;48;2;15;15;30m        [38;2;30;30;60;48;2;18;18;36m                  [38;2;15;15;30;48;2;15;15;30m       [38;2;30;30;60;48;2;18;18;36m [38;2;15;15;30;48;2;15;15;30m         [38;2;30;30;60;48;2;18;18;36m   [0m
[38;2;30;30;60;48;2;18;18;36m [38;2;132;114;72;48;2;55;47;30m#[38;2;191;153;87;48;2;51;41;23m.[38;2;188;152;85;48;2;50;40;23m.[38;2;195;157;87;48;2;52;42;23m.[38;2;204;165;89;48;2;54;44;24m.[38;2;202;165;89;48;2;54;44;24m.[38;2;132;114;72;48;2;55;47;30m#[38;2;189;153;87;48;2;111;61;43m.[38;2;195;157;88;48;2;52;42;23m.[38;2;197;159;88;48;2;53;43;23m.[38;2;193;156;87;48;2;52;42;23m.[38;2;189;153;87;48;2;51;41;23m.[38;2;15;15;30;48;2;15;15;30m         [38;2;30;30;60;48;2;18;18;36m                  [38;2;15;15;30;48;2;15;15;30m       [38;2;30;30;60;48;2;18;18;36m      [38;2;15;15;30;48;2;15;15;30m [38;2;30;30;60;48;2;18;18;36m      [0m
[38;2;30;30;60;48;2;18;18;36m [38;2;132;114;72;48;2;55;47;30m#[38;2;198;161;88;48;2;53;43;23m.[38;2;195;157;87;48;2;52;42;23m.[38;2;196;158;88;48;2;52;42;23m.[38;2;202;163;89;48;2;54;44;24m.[38;2;202;165;89;48;2;54;44;24m.[38;2;132;114;72;48;2;55;47;30m#[38;2;120;60;60;48;2;75;35;50m*[38;2;30;30;60;48;2;18;18;36m       [38;2;15;15;30;48;2;15;15;30m      [38;2;30;30;60;48;2;18;18;36m                  [38;2;15;15;30;48;2;15;15;30m       [38;2;30;30;60;48;2;18;18;36m  [38;2;15;15;30;48;2;15;15;30m         [38;2;30;30;60;48;2;18;18;36m  [0m
[38;2;30;30;60;48;2;18;18;36m [38;2;132;114;72;48;2;55;47;30m#[38;2;204;166;89;48;2;54;44;24m.[38;2;201;162;88;48;2;54;43;23m.[38;2;200;162;88;48;2;53;43;23m.[38;2;201;163;89;48;2;54;44;24m.[38;2;200;162;88;48;2;53;43;23m.[38;2;132;114;72;48;2;55;47;30m#[38;2;120;60;60;48;2;75;35;50m*[38;2;30;30;60;48;2;18;18;36m       [38;2;15;15;30;48;2;15;15;30m      [38;2;30;30;60;48;2;18;18;36m   [38;2;15;15;30;48;2;15;15;30m         [38;2;30;30;60;48;2;18;18;36m         [38;2;15;15;30;48;2;15;15;30m [38;2;30;30;60;48;2;18;18;36m     [38;2;15;15;30;48;2;15;15;30m         [38;2;30;30;60;48;2;18;18;36m  [0m
[38;2;30;30;60;48;2;18;18;36m [38;2;132;114;72;48;2;55;47;30m#######[38;2;120;60;60;48;2;75;35;50m*[38;2;30;30;60;48;2;18;18;36m       [38;2;15;15;30;48;2;15;15;30m      [38;2;30;30;60;48;2;18;18;36m   [38;2;15;15;30;48;2;15;15;30m                                 [38;2;30;30;60;48;2;18;18;36m  [0m
[38;2;30;30;60;48;2;18;18;36m        [38;2;120;60;60;48;2;75;35;50m*[38;2;30;30;60;48;2;18;18;36m                [38;2;15;15;30;48;2;15;15;30m                   [38;2;30;30;60;48;2;18;18;36m     [38;2;15;15;30;48;2;15;15;30m         [38;2;30;30;60;48;2;18;18;36m  [0m
[38;2;30;30;60;48;2;18;18;36m    [38;2;15;15;30;48;2;15;15;30m    [38;2;120;60;60;48;2;75;35;50m*[38;2;15;15;30;48;2;15;15;30m   [38;2;30;30;60;48;2;18;18;36m             [38;2;15;15;30;48;2;15;15;30m         [38;2;30;30;60;48;2;18;18;36m                          [0m
[38;2;30;30;60;48;2;18;18;36m    [38;2;15;15;30;48;2;15;15;30m    [38;2;120;60;60;48;2;75;35;50m*[38;2;15;15;30;48;2;15;15;30m   [38;2;30;30;60;48;2;18;18;36m             [38;2;15;15;30;48;2;15;15;30m         [38;2;30;30;60;48;2;18;18;36m                          [0m
[38;2;30;30;60;48;2;18;18;36m    [38;2;15;15;30;48;2;15;15;30m    [38;2;120;60;60;48;2;75;35;50m*[38;2;15;15;30;48;2;15;15;30m   [38;2;30;30;60;48;2;18;18;36m  [38;2;15;15;30;48;2;15;15;30m     [38;2;30;30;60;48;2;18;18;36m        [38;2;15;15;30;48;2;15;15;30m [38;2;30;30;60;48;2;18;18;36m [38;2;15;15;30;48;2;15;15;30m [38;2;30;30;60;48;2;18;18;36m                              [0m
[38;2;30;30;60;48;2;18;18;36m    [38;2;15;15;30;48;2;15;15;30m    [38;2;120;60;60;48;2;75;35;50m*[38;2;15;15;30;48;2;15;15;30m   [38;2;30;30;60;48;2;18;18;36m  [38;2;15;15;30;48;2;15;15;30m     [38;2;30;30;60;48;2;18;18;36m        [38;2;15;15;30;48;2;15;15;30m [38;2;30;30;60;48;2;18;18;36m [38;2;15;15;30;48;2;15;15;30m [38;2;30;30;60;48;2;18;18;36m                              [0m
[38;2;30;30;60;48;2;18;18;36m    [38;2;15;15;30;48;2;15;15;30m   [38;2;120;60;60;48;2;75;35;50m*[38;2;15;15;30;48;2;15;15;30m    [38;2;30;30;60;48;2;18;18;36m  [38;2;15;15;30;48;2;15;15;30m     [38;2;30;30;60;48;2;18;18;36m        [38;2;15;15;30;48;2;15;15;30m [38;2;30;30;60;48;2;18;18;36m [38;2;15;15;30;48;2;15;15;30m [38;2;30;30;60;48;2;18;18;36m                              [0m
[38;2;30;30;60;48;2;18;18;36m    [38;2;15;15;30;48;2;15;15;30m  [38;2;120;60;60;48;2;75;35;50m*[38;2;15;15;30;48;2;15;15;30m     [38;2;30;30;60;48;2;18;18;36m  [38;2;15;15;30;48;2;15;15;30m     [38;2;30;30;60;48;2;18;18;36m        [38;2;15;15;30;48;2;15;15;30m [38;2;30;30;60;48;2;18;18;36m [38;2;15;15;30;48;2;15;15;30m [38;2;30;30;60;48;2;18;18;36m                              [0m
[38;2;30;30;60;48;2;18;18;36m    [38;2;15;15;30;48;2;15;15;30m [38;2;120;60;60;48;2;75;35;50m*[38;2;15;15;30;48;2;15;15;30m      [38;2;30;30;60;48;2;18;18;36m    [38;2;15;15;30;48;2;15;15;30m [38;2;30;30;60;48;2;18;18;36m [38;2;15;15;30;48;2;15;15;30m [38;2;30;30;60;48;2;18;18;36m        [38;2;15;15;30;48;2;15;15;30m [38;2;30;30;60;48;2;18;18;36m [38;2;15;15;30;48;2;15;15;30m [38;2;30;30;60;48;2;18;18;36m [38;2;15;15;30;48;2;15;15;30m             [38;2;30;30;60;48;2;18;18;36m                [0m
[38;2;30;30;60;48;2;18;18;36m    [38;2;120;60;60;48;2;75;35;50m*[38;2;30;30;60;48;2;18;18;36m           [38;2;15;15;30;48;2;15;15;30m [38;2;30;30;60;48;2;18;18;36m [38;2;15;15;30;48;2;15;15;30m [38;2;30;30;60;48;2;18;18;36m     [38;2;15;15;30;48;2;15;15;30m      [38;2;30;30;60;48;2;18;18;36m [38;2;15;15;30;48;2;15;15;30m             [38;2;30;30;60;48;2;18;18;36m                [0m
[38;2;30;30;60;48;2;18;18;36m    [38;2;120;60;60;48;2;75;35;50m*[38;2;30;30;60;48;2;18;18;36m           [38;2;15;15;30;48;2;15;15;30m [38;2;30;30;60;48;2;18;18;36m [38;2;15;15;30;48;2;15;15;30m [38;2;30;30;60;48;2;18;18;36m     [38;2;15;15;30;48;2;15;15;30m      [38;2;30;30;60;48;2;18;18;36m [38;2;15;15;30;48;2;15;15;30m             [38;2;30;30;60;48;2;18;18;36m                [0m
[38;2;30;30;60;48;2;18;18;36m    [38;2;120;60;60;48;2;75;35;50m*[38;2;30;30;60;48;2;18;18;36m           [38;2;15;15;30;48;2;15;15;30m [38;2;30;30;60;48;2;18;18;36m [38;2;15;15;30;48;2;15;15;30m [38;2;30;30;60;48;2;18;18;36m     [38;2;15;15;30;48;2;15;15;30m      [38;2;30;30;60;48;2;18;18;36m [38;2;15;15;30;48;2;15;15;30m             [38;2;30;30;60;48;2;18;18;36m                [0m
[38;2;30;30;60;48;2;18;18;36m    [38;2;120;60;60;48;2;75;35;50m*[38;2;30;30;60;48;2;18;18;36m          [38;2;15;15;30;48;2;15;15;30m      [38;2;30;30;60;48;2;18;18;36m   [38;2;15;15;30;48;2;15;15;30m      [38;2;30;30;60;48;2;18;18;36m [38;2;15;15;30;48;2;15;15;30m             [38;2;30;30;60;48;2;18;18;36m       [38;2;15;15;30;48;2;15;15;30m      [38;2;30;30;60;48;2;18;18;36m   [0m
[38;2;30;30;60;48;2;18;18;36m    [38;2;120;60;60;48;2;75;35;50m*[38;2;30;30;60;48;2;18;18;36m          [38;2;15;15;30;48;2;15;15;30m      [38;2;30;30;60;48;2;18;18;36m   [38;2;15;15;30;48;2;15;15;30m      [38;2;30;30;60;48;2;18;18;36m [38;2;15;15;30;48;2;15;15;30m             [38;2;30;30;60;48;2;18;18;36m       [38;2;15;15;30;48;2;15;15;30m      [38;2;30;30;60;48;2;18;18;36m   [0m
[38;2;30;30;60;48;2;18;18;36m    [38;2;120;60;60;48;2;75;35;50m*[38;2;30;30;60;48;2;18;18;36m          [38;2;15;15;30;48;2;15;15;30m      [38;2;30;30;60;48;2;18;18;36m      [38;2;15;15;30;48;2;15;15;30m [38;2;30;30;60;48;2;18;18;36m [38;2;15;15;30;48;2;15;15;30m [38;2;30;30;60;48;2;18;18;36m [38;2;15;15;30;48;2;15;15;30m             [38;2;30;30;60;48;2;18;18;36m       [38;2;15;15;30;48;2;15;15;30m      [38;2;30;30;60;48;2;18;18;36m   [0m
[38;2;30;30;60;48;2;18;18;36m    [38;2;120;60;60;48;2;75;35;50m*[38;2;30;30;60;48;2;18;18;36m          [38;2;15;15;30;48;2;15;15;30m      [38;2;30;30;60;48;2;18;18;36m      [38;2;15;15;30;48;2;15;15;30m [38;2;30;30;60;48;2;18;18;36m [38;2;15;15;30;48;2;15;15;30m [38;2;30;30;60;48;2;18;18;36m [38;2;15;15;30;48;2;15;15;30m             [38;2;30;30;60;48;2;18;18;36m       [38;2;15;15;30;48;2;15;15;30m      [38;2;30;30;60;48;2;18;18;36m   [0m
[38;2;30;30;60;48;2;18;18;36m    [38;2;120;60;60;48;2;75;35;50m*[38;2;30;30;60;48;2;18;18;36m          [38;2;15;15;30;48;2;15;15;30m      [38;2;120;60;60;48;2;75;35;50m******[38;2;15;15;30;48;2;15;15;30m   [38;2;30;30;60;48;2;18;18;36m [38;2;15;15;30;48;2;15;15;30m             [38;2;120;60;60;48;2;75;35;50m**********[38;2;255;191;0;48;2;75;35;50m>[38;2;15;15;30;48;2;15;15;30m  [38;2;30;30;60;48;2;18;18;36m   [0m
[38;2;30;30;60;48;2;18;18;36m [38;2;15;15;30;48;2;15;15;30m    [38;2;120;60;60;48;2;75;35;50m*[38;2;15;15;30;48;2;15;15;30m  [38;2;30;30;60;48;2;18;18;36m       [38;2;15;15;30;48;2;15;15;30m     [38;2;120;60;60;48;2;75;35;50m*[38;2;30;30;60;48;2;18;18;36m      [38;2;120;60;60;48;2;75;35;50m*[38;2;30;30;60;48;2;18;18;36m   [38;2;15;15;30;48;2;15;15;30m    [38;2;120;60;60;48;2;75;35;50m*********[38;2;30;30;60;48;2;18;18;36m       [38;2;15;15;30;48;2;15;15;30m      [38;2;30;30;60;48;2;18;18;36m   [0m
[38;2;30;30;60;48;2;18;18;36m [38;2;15;15;30;48;2;15;15;30m     [38;2;120;60;60;48;2;75;35;50m*[38;2;15;15;30;48;2;15;15;30m [38;2;30;30;60;48;2;18;18;36m       [38;2;15;15;30;48;2;15;15;30m    [38;2;120;60;60;48;2;75;35;50m*[38;2;15;15;30;48;2;15;15;30m [38;2;30;30;60;48;2;18;18;36m      [38;2;120;60;60;48;2;75;35;50m*[38;2;30;30;60;48;2;18;18;36m   [38;2;15;15;30;48;2;15;15;30m   [38;2;120;60;60;48;2;75;35;50m*[38;2;15;15;30;48;2;15;15;30m         [38;2;30;30;60;48;2;18;18;36m       [38;2;15;15;30;48;2;15;15;30m      [38;2;30;30;60;48;2;18;18;36m   [0m
[38;2;30;30;60;48;2;18;18;36m [38;2;15;15;30;48;2;15;15;30m      [38;2;120;60;60;48;2;75;35;50m*[38;2;30;30;60;48;2;18;18;36m       [38;2;15;15;30;48;2;15;15;30m   [38;2;120;60;60;48;2;75;35;50m*[38;2;15;15;30;48;2;15;15;30m  [38;2;30;30;60;48;2;18;18;36m      [38;2;120;60;60;48;2;75;35;50m*[38;2;30;30;60;48;2;18;18;36m   [38;2;15;15;30;48;2;15;15;30m  [38;2;120;60;60;48;2;75;35;50m*[38;2;15;15;30;48;2;15;15;30m          [38;2;30;30;60;48;2;18;18;36m       [38;2;15;15;30;48;2;15;15;30m      [38;2;30;30;60;48;2;18;18;36m   [0m
[38;2;30;30;60;48;2;18;18;36m [38;2;15;15;30;48;2;15;15;30m       [38;2;120;60;60;48;2;75;35;50m**********[38;2;15;15;30;48;2;15;15;30m   [38;2;30;30;60;48;2;18;18;36m   [38;2;15;15;30;48;2;15;15;30m    [38;2;120;60;60;48;2;75;35;50m*[38;2;15;15;30;48;2;15;15;30m [38;2;30;30;60;48;2;18;18;36m [38;2;15;15;30;48;2;15;15;30m [38;2;120;60;60;48;2;75;35;50m*[38;2;15;15;30;48;2;15;15;30m           [38;2;30;30;60;48;2;18;18;36m                [0m
[38;2;30;30;60;48;2;18;18;36m [38;2;15;15;30;48;2;15;15;30m       [38;2;30;30;60;48;2;18;18;36m                [38;2;15;15;30;48;2;15;15;30m     [38;2;120;60;60;48;2;75;35;50m*[38;2;30;30;60;48;2;18;18;36m [38;2;120;60;60;48;2;75;35;50m*[38;2;15;15;30;48;2;15;15;30m            [38;2;30;30;60;48;2;18;18;36m                [0m
[38;2;30;30;60;48;2;18;18;36m [38;2;15;15;30;48;2;15;15;30m       [38;2;30;30;60;48;2;18;18;36m                [38;2;15;15;30;48;2;15;15;30m      [38;2;120;60;60;48;2;75;35;50m*[38;2;15;15;30;48;2;15;15;30m             [38;2;30;30;60;48;2;18;18;36m                [0m
[38;2;30;30;60;48;2;18;18;36m [38;2;15;15;30;48;2;15;15;30m       [38;2;30;30;60;48;2;18;18;36m                [38;2;15;15;30;48;2;15;15;30m      [38;2;30;30;60;48;2;18;18;36m [38;2;15;15;30;48;2;15;15;30m             [38;2;30;30;60;48;2;18;18;36m                [0m
[38;2;30;30;60;48;2;18;18;36m                                                            [0m
[38;2;30;30;60;48;2;18;18;36m                                                            [0m
[38;2;255;255;255;48;2;0;0;0m                                                            [0m
[38;2;255;255;255;48;2;0;0;0m [38;2;159;159;159;48;2;0;0;0mGOTCOD SAMPLE  SEED 5EED  SHADOW FOV R9  ASTAR 75 STEPS[38;2;255;255;255;48;2;0;0;0m    [0m
[0m