#0
42 91 56 -1 98 -1 -1
-1 0 28 42 112 -1 189
42 0 35 70 98 126 -1
#1
7 0 8 -1 21 -1 6 2
3 2 3 10 14 12 7 0
9 -1 4 11 19 16 12 -1
11 8 7 -1 23 -1 18 -1
12 13 -1 -1 26 -1 -1 -1
#2
0 -1 24 -1 -1
-1 9 16 19 -1
7 8 -1 12 3
6 0 6 5 0
9 5 -1 -1 8
10 7 10 14 -1
18 -1 19 19 27
#3
-1 0 -1 70
16 -1 -1 66
32 -1 58 58
-1 42 52 54
46 56 -1 70
#4
2 0
18 4
36 -1
#5
42 38 20 12 -1 14 2 0 -1
50 38 -1 -1 0 -1 14 18 3
51 43 34 20 4 9 25 21 17
40 33 29 28 22 19 12 16 28
30 34 39 28 32 -1 26 26 31
36 18 34 32 29 29 -1 42 43
-1 10 -1 -1 27 45 -1 60 47
-1 14 4 0 -1 36 38 -1 55
#6
28 -1 -1
-1 14 -1
0 -1 84
-1 14 -1
28 -1 -1
-1 -1 -1
-1 -1 -1
-1 -1 -1
-1 -1 -1
-1 -1 -1
#7
8 3 0 3 0
8 6 8 8 5
15 12 -1 17 -1
-1 21 -1 18 -1
-1 -1 -1 22 29
#8
28
10
0
12
0
12
#9
81 60 42 27 21 15 30 -1 21 24
69 -1 -1 -1 24 -1 3 18 39 33
75 60 -1 15 12 0 -1 15 18 -1
57 60 33 27 12 -1 -1 -1 21 36
57 51 -1 -1 30 -1 39 36 27 33
57 54 60 51 45 39 45 45 42 -1
#10
47 40 35 -1 35 27 18 9
-1 31 27 36 -1 -1 -1 1
34 31 26 -1 19 18 -1 0
-1 30 24 21 -1 12 8 6
-1 -1 22 17 12 8 2 0
#11
-1 27 14 32 58 52 79 66
15 0 -1 28 31 37 52 70
39 27 -1 49 43 55 70 -1
-1 33 54 -1 49 64 91 -1
-1 48 54 -1 52 79 100 -1
-1 69 -1 97 76 103 93 99
-1 93 -1 97 -1 -1 -1 100
121 -1 156 -1 118 139 124 103
142 135 150 169 142 -1 148 -1
-1 -1 165 157 145 157 172 193
230 221 -1 184 -1 178 171 -1
224 209 191 205 -1 190 180 178
#12
-1 110 -1 -1 -1 -1 14 -1 0 70
100 30 -1 28 46 30 58 2 -1 6
-1 -1 24 40 40 60 -1 42 20 68
0 22 32 -1 56 46 48 24 50 30
10 -1 -1 50 40 64 -1 -1 32 40
50 26 66 38 62 52 60 50 48 44
30 58 32 50 56 68 -1 56 48 50
56 -1 42 -1 58 64 72 58 66 60
94 44 98 48 -1 76 70 80 -1 -1
-1 84 60 114 -1 -1 -1 80 82 122
96 74 100 68 118 100 94 84 -1 84
88 -1 86 -1 82 106 102 106 94 164
#13
-1 12 16 -1 15 20 20
14 11 18 -1 14 13 12
8 9 16 -1 15 12 4
7 4 12 21 23 -1 0
7 0 -1 21 20 15 9
#14
10 -1 6 6 6 -1 20 14 -1
-1 6 4 -1 0 13 8 20 21
12 -1 5 3 12 3 20 15 -1
24 11 -1 11 6 11 -1 19 21
19 17 -1 -1 14 9 14 -1 21
22 -1 22 -1 0 14 -1 -1 11
20 25 14 -1 6 3 17 10 20
26 19 16 12 5 13 9 26 15
22 17 17 -1 17 6 21 -1 25
20 24 -1 25 15 -1 11 -1 25
29 21 32 22 28 12 -1 20 38
#15
34 32 41
26 25 -1
20 16 7
23 -1 0
17 12 4
25 16 11
26 24 -1
27 -1 -1
-1 -1 -1
#16
0 3 -1 -1 -1
#17
156 123 93 -1 100 130 163 -1 206 203 228
-1 107 126 86 -1 108 123 -1 196 217 203
122 -1 94 81 94 129 -1 -1 161 196 201
111 66 74 66 81 103 119 133 153 -1 -1
-1 68 59 -1 -1 63 98 -1 -1 172 -1
89 49 19 14 35 49 71 71 -1 127 -1
-1 40 -1 15 0 15 50 -1 85 125 140
#18
-1
-1
-1
-1
-1
-1
-1
-1
4
0
-1
#19
-1 -1 30 38 32
-1 -1 -1 24 22
28 14 35 18 27
28 18 8 -1 20
32 24 6 6 -1
25 20 20 0 -1
26 17 14 6 8
#20
9 8 6 0 9 -1 12
13 15 7 -1 -1 -1 5
18 15 11 14 10 10 4
22 -1 16 -1 9 8 0
27 25 18 14 12 12 -1
29 29 21 -1 18 20 22
#21
-1 40 36 -1 28 -1 -1
-1 30 28 24 -1 24 32
-1 -1 -1 -1 20 26 38
-1 26 12 16 22 30 -1
14 20 18 8 20 16 -1
6 4 4 8 8 18 8
18 16 0 -1 20 6 -1
18 2 -1 4 18 4 6
16 -1 0 10 -1 0 12
#22
160 70 0 -1 -1 -1 -1
#23
0 -1 -1 80
50 21 60 0
70 51 28 -1
-1 84 -1 35
-1 154 -1 75
#24
10 28 30 30 18 0
0 10 26 34 18 4
8 22 28 38 -1 -1
26 28 -1 48 50 66
28 32 38 42 44 -1
42 46 54 60 56 -1
52 -1 70 -1 -1 110
-1 90 88 90 100 108
#25
-1 -1 203 -1 182 -1 -1
-1 -1 -1 168 -1 -1 -1
-1 -1 161 -1 154 -1 140
-1 -1 -1 105 -1 105 -1
-1 -1 -1 -1 49 -1 -1
-1 -1 -1 35 -1 105 -1
91 -1 0 -1 56 -1 49
-1 49 -1 28 -1 42 -1
105 -1 49 -1 28 -1 49
-1 -1 -1 0 -1 56 -1
#26
21 90 24 40 27 77 45 15 -1 24 26
-1 0 64 0 -1 -1 -1 41 3 23 36
27 37 15 49 -1 -1 49 0 20 -1 38
-1 42 25 -1 52 34 24 38 -1 29 -1
54 -1 60 34 55 51 43 -1 44 -1 44
76 -1 55 82 61 64 63 -1 93 62 54
117 67 85 76 -1 70 73 -1 -1 75 -1
85 103 94 -1 97 88 97 85 96 109 -1
112 106 127 103 109 103 -1 117 88 108 109
112 127 124 112 127 124 121 -1 120 97 114
-1 133 124 151 118 139 133 -1 124 123 109
-1 148 142 136 163 145 -1 136 -1 121 129
#27
0 4 10 12 -1 -1 -1 -1 -1 -1
14 -1 12 4 0 -1 -1 -1 -1 -1
#28
-1 133 175 -1
84 154 -1 154
182 21 140 49
-1 -1 0 84
-1 0 70 21
-1 -1 -1 63
49 -1 56 -1
-1 0 -1 84
#29
47 39 36 31 22 -1 31
-1 -1 -1 -1 15 21 23
31 29 25 18 13 -1 29
-1 -1 18 10 9 -1 -1
16 13 -1 6 10 14 -1
17 9 4 0 7 10 11
26 -1 11 -1 13 9 7
33 28 19 -1 11 7 0
31 -1 18 -1 8 6 -1
36 -1 15 11 12 -1 -1
#30
117 120 -1 -1 55 61 -1 75 30 0
102 97 57 42 40 45 12 37 21 40
-1 105 70 -1 0 5 50 19 49 -1
-1 77 -1 14 15 14 26 44 -1 77
#31
53 -1 14 16 14 -1 34 40 43 45
-1 26 -1 11 16 23 30 36 -1 -1
9 -1 5 8 12 -1 -1 32 37 -1
7 5 0 2 7 -1 23 31 30 38
10 2 1 4 7 8 14 22 27 30
4 2 -1 -1 15 15 -1 23 25 33
-1 0 2 8 9 -1 33 30 27 -1
24 -1 11 16 17 -1 37 38 -1 0
#32
-1 20 26 19 52
22 24 11 -1 12
17 -1 15 8 -1
5 10 0 -1 6
-1 0 5 3 0
5 13 2 -1 -1
#33
0 3 24
-1 0 27
#34
182 -1 112 0 84 -1 -1 -1 42 -1 98
-1 133 56 63 -1 28 -1 0 -1 49 -1
189 91 98 91 0 -1 7 -1 -1 -1 84
#35
-1 18 26 22 -1 98
6 25 16 34 -1 73
19 0 -1 -1 -1 28
12 9 0 23 24 69
19 4 5 12 -1 36
16 23 16 9 -1 35
21 32 19 -1 25 42
46 23 50 35 30 37
29 33 31 48 39 40
37 45 51 -1 -1 49
57 49 -1 63 55 84
67 71 59 57 79 67
#36
0 -1 -1 -1
40 5 35 40
#37
16 4 0 2 20 -1 60 -1
34 -1 -1 -1 28 42 54 -1
50 62 -1 24 28 26 -1 112
-1 50 40 22 18 10 0 -1
-1 40 26 -1 14 0 -1 -1
46 28 24 12 10 8 14 -1
#38
96 98 96 -1 88 93 76 -1 -1 45
93 80 92 -1 80 72 81 -1 39 52
78 77 68 -1 62 -1 -1 -1 36 42
76 70 -1 56 -1 -1 24 22 34 -1
81 60 54 60 -1 -1 18 18 -1 26
68 -1 -1 42 -1 14 6 0 -1 14
70 -1 48 43 28 22 8 -1 8 26
66 60 53 42 40 18 32 16 -1 20
74 -1 -1 46 34 30 -1 43 26 32
101 -1 -1 -1 42 42 -1 44 46 36
#39
16 18 24 -1 0 12 14 -1 74
10 -1 22 -1 6 24 30 44 58
8 0 8 -1 12 14 24 38 -1
22 10 16 -1 28 18 30 44 62
#40
-1
-1
-1
-1
-1
7
0
9
0
#41
238 -1 -1 -1 210
-1 210 -1 182 -1
-1 -1 154 -1 196
-1 84 -1 266 -1
0 -1 140 -1 252
-1 -1 -1 154 -1
#42
0 0
27 12
-1 0
-1 -1
-1 -1
-1 -1
#43
34 12 24 24
0 18 8 -1
10 4 -1 22
-1 10 8 0
0 24 18 22
#44
12 -1 10 13
-1 8 6 3
10 0 0 12
#45
22 15 11 9 2 0 2 11 -1 -1 -1
#46
3 0 8 10 -1 -1 -1 -1 -1 -1
#47
-1 -1 21 21 24 -1 -1 -1 -1 -1
-1 -1 0 27 39 -1 -1 -1 -1 -1
#48
-1 27 0
#49
10 -1
7 9
0 -1
-1 -1
-1 -1
-1 -1
-1 -1
-1 -1
-1 -1
-1 -1
#50
-1 -1 -1 -1 14 18 8 -1 0
-1 -1 -1 -1 0 0 8 16 6
#51
25 15 20 25 45
0 -1 -1 -1 -1
-1 24 -1 -1 66
0 10 -1 39 -1
10 24 22 -1 15
42 13 23 -1 10
25 18 -1 25 0
21 49 24 24 -1
#52
224 -1 252 182 294 -1 -1
266 126 210 252 126 -1 56
0 224 126 98 168 14 -1
-1 98 224 154 28 -1 0
#53
-1 -1 41 -1 6 -1 4 -1 1 -1 8 -1
-1 37 -1 -1 -1 0 -1 3 -1 0 -1 11
28 -1 -1 -1 9 -1 5 -1 7 -1 6 -1
-1 24 -1 13 -1 8 -1 9 -1 7 -1 10
-1 -1 19 -1 9 -1 11 -1 -1 -1 10 -1
-1 -1 -1 11 -1 -1 -1 -1 -1 14 -1 14
#54
-1 -1 -1 -1 10 1 18 -1 19 -1
9 33 4 -1 0 15 10 -1 3 10
42 7 25 0 15 -1 17 9 -1 0
-1 34 -1 20 2 12 15 19 1 20
39 104 -1 5 20 6 20 -1 -1 4
#55
-1 -1 -1 69 66 -1 117 -1 78 -1 -1
-1 72 63 -1 57 81 102 -1 51 54 66
-1 -1 54 45 54 78 -1 39 36 -1 60
-1 -1 27 42 63 -1 24 18 21 30 57
36 9 18 -1 -1 18 0 15 -1 57 69
18 0 -1 57 60 39 24 33 60 81 96
36 15 42 54 -1 33 30 48 57 78 -1
-1 42 57 69 66 57 51 -1 84 90 99
93 66 -1 84 81 63 -1 -1 -1 93 -1
#56
14 13 17 15 -1 24 27
5 12 8 15 -1 20 21
4 3 12 12 14 17 20
0 4 6 14 10 -1 24
6 0 5 9 12 -1 -1
#57
22 18 -1 14 -1 50 48 56 66 -1 96 -1
24 16 4 0 -1 36 40 50 64 68 80 94
-1 -1 18 8 12 24 -1 54 -1 74 90 82
56 40 24 10 22 34 48 52 66 68 72 78
#58
49 50 15
45 35 0
-1 70 45
-1 85 90
211 -1 -1
#59
-1 -1 17 17 18 27 28 36 -1
14 -1 9 11 -1 -1 30 34 39
7 0 4 8 16 25 29 -1 45
15 -1 5 12 -1 -1 33 -1 47
21 -1 11 -1 26 -1 -1 59 51
23 22 17 20 28 32 -1 -1 57
-1 24 26 25 -1 35 43 51 58
-1 -1 30 32 35 43 49 57 63
-1 58 -1 39 -1 51 54 63 69
#60
33 18 29 -1 0 -1 48 -1 156 159 -1 235
-1 15 14 27 12 33 39 -1 150 159 -1 217
3 0 24 26 33 57 -1 123 132 -1 -1 208
15 15 27 -1 -1 66 90 111 123 129 138 -1
#61
-1 -1 156 146 -1 112 96 108 -1 0 4 20
156 152 142 128 116 106 88 -1 10 2 4 8
158 154 150 -1 118 114 -1 32 14 -1 8 20
-1 -1 -1 -1 -1 -1 -1 -1 20 -1 12 26
118 112 98 90 84 72 -1 34 22 -1 24 28
104 102 86 74 66 64 52 36 38 -1 -1 40
104 100 88 80 72 74 58 52 54 58 72 54
112 -1 -1 92 78 84 72 -1 -1 74 -1 60
124 116 -1 104 86 -1 90 98 -1 78 74 -1
-1 110 100 94 92 98 108 116 98 86 90 98
#62
81 77 -1 58 44 -1 -1 48
-1 -1 56 44 40 34 39 40
67 63 -1 50 51 45 27 28
-1 75 64 -1 35 -1 11 18
88 76 -1 -1 25 13 -1 4
91 -1 48 30 34 16 6 0
75 73 55 39 23 13 -1 8
89 -1 47 39 27 15 19 16
#63
-1 -1 7 15 -1 -1
-1 -1 -1 6 7 17
-1 -1 0 0 9 12
-1 -1 5 -1 7 10
-1 7 -1 9 19 10
-1 -1 16 -1 17 24
51 17 -1 24 31 22
-1 49 -1 -1 -1 32
54 -1 45 -1 36 -1
-1 51 -1 39 -1 -1
#64
0 -1 76 47 75
30 -1 38 68 53
50 33 -1 45 -1
37 48 -1 -1 53
#65
-1 31 38 45 37 21 21 30 -1
-1 46 28 33 45 29 15 -1 15
50 34 -1 25 31 -1 17 12 18
-1 44 -1 11 18 10 9 27 15
35 40 26 18 2 0 18 24 -1
40 32 -1 -1 6 8 24 42 42
47 -1 -1 -1 -1 20 -1 -1 44
63 50 68 63 47 -1 38 44 60
-1 56 68 -1 51 47 50 56 50
65 66 -1 64 50 63 68 64 52
-1 78 71 53 -1 77 -1 -1 66
-1 -1 77 -1 59 71 -1 81 76
#66
72 15 30 -1 31
12 48 0 48 21
42 3 -1 12 42
18 15 27 -1 36
30 39 0 42 18
66 -1 30 15 57
86 -1 24 39 33
-1 -1 63 -1 48
114 84 90 60 118
#67
23 28 19 28 -1 -1 -1 51 56 61 63
17 -1 15 22 25 -1 49 48 -1 66 -1
12 8 -1 26 29 35 41 -1 55 62 63
4 0 9 -1 -1 38 47 -1 -1 65 67
#68
-1 38 12 34 46 40
22 2 52 -1 28 34
-1 -1 0 44 18 -1
40 -1 52 8 58 0
36 36 10 -1 2 40
44 18 30 14 58 16
26 -1 -1 -1 24 56
36 40 44 34 56 28
58 44 36 48 44 74
60 50 48 -1 -1 -1
#69
0 14 16 26 34 26 -1
6 -1 24 18 18 -1 26
-1 22 -1 16 18 14 22
22 34 22 12 0 8 -1
28 20 16 6 10 6 16
-1 -1 12 24 10 -1 10
14 26 -1 14 24 12 -1
-1 12 18 -1 16 16 16
14 0 -1 -1 30 20 -1
#70
-1 57 -1 45 -1 12 -1 0 -1 27
81 -1 39 -1 33 -1 3 -1 18 -1
-1 -1 -1 15 -1 21 -1 15 -1 -1
54 -1 42 -1 0 -1 33 -1 -1 -1
-1 51 -1 15 -1 -1 -1 -1 -1 -1
51 -1 36 -1 -1 -1 -1 -1 -1 -1
-1 45 -1 -1 -1 -1 -1 159 -1 159
-1 -1 66 -1 93 -1 135 -1 150 -1
-1 78 -1 72 -1 120 -1 147 -1 -1
#71
640 560 560 -1 -1
-1 530 510 -1 -1
570 510 430 370 -1
-1 -1 380 330 420
410 390 370 290 -1
-1 -1 -1 260 -1
0 10 -1 240 -1
10 70 140 220 280
#72
39 -1 48 -1 84 -1 102 42 111 66
-1 33 -1 75 3 93 33 102 45 90
18 -1 -1 0 -1 9 102 -1 87 63
42 9 21 18 27 -1 -1 84 81 105
15 33 0 -1 45 54 69 81 84 -1
-1 -1 57 -1 -1 63 78 75 -1 87
-1 78 -1 66 75 93 -1 102 90 -1
#73
0 14 23
9 -1 15
4 6 4
10 3 11
0 18 6
-1 -1 -1
-1 -1 -1
24 0 27
#74
-1 -1 -1 -1 259 -1 -1 -1 -1 -1
-1 -1 -1 231 -1 -1 -1 -1 -1 -1
329 -1 238 -1 182 -1 -1 -1 -1 -1
-1 301 -1 210 -1 119 -1 140 -1 -1
343 -1 238 -1 161 -1 98 -1 -1 -1
-1 280 -1 -1 -1 -1 -1 84 -1 0
301 -1 -1 -1 -1 -1 105 -1 28 -1
-1 329 -1 -1 -1 -1 -1 -1 -1 91
#75
78 63
-1 39
0 24
6 0
-1 6
#76
-1 -1 -1 56 -1 -1 -1 -1 -1 -1 -1
-1 -1 21 -1 42 -1 -1 -1 -1 -1 -1
-1 0 -1 35 -1 -1 -1 -1 -1 -1 -1
#77
24 41
-1 16
24 1
0 25
21 6
11 16
11 -1
-1 6
2 40
32 0
6 25
#78
-1 -1 122 -1 24 23 15 12 14 19 -1 30
177 -1 -1 38 30 21 17 11 14 17 18 27
174 -1 35 -1 29 -1 -1 10 12 -1 20 28
166 -1 32 28 21 16 10 6 9 15 22 23
-1 40 38 -1 26 -1 2 0 3 11 15 17
42 41 -1 100 -1 14 9 7 -1 -1 -1 -1
49 47 -1 -1 16 15 16 14 21 25 -1 84
52 55 58 -1 -1 23 -1 -1 24 -1 81 82
#79
-1 -1 -1 0 -1 -1 -1 -1
-1 -1 21 -1 -1 -1 -1 -1
