== bdf ../libtcod/data/fonts/ucs-fonts/4x6.bdf
cell 4 6
cp 32
0000
0000
0000
0000
0000
0000
cp 33
0100
0100
0100
0000
0100
0000
cp 48
0100
1010
1110
1010
0100
0000
cp 49
0100
1100
0100
0100
1110
0000
cp 65
0100
1010
1110
1010
1010
0000
cp 66
1100
1010
1100
1010
1100
0000
cp 90
1110
0010
0100
1000
1110
0000
cp 97
0000
0110
1010
1010
0110
0000
cp 98
1000
1100
1010
1010
1100
0000
cp 122
0000
1110
0010
0100
1110
0000
cp 169
0110
1001
1101
1101
1001
0110
cp 177
0100
1110
0100
0000
1110
0000
cp 948
0110
1000
0100
1010
0100
0000
cp 9608
1111
1111
1111
1111
1111
1111
cp 9617
1000
0010
1000
0010
1000
0010
