== rng_u32 MT 5489
1351727965
581869302
1742863087
1438850938
545404204
2013771744
1775435782
949333985
568478651
1323567403
418932835
202810918
1196140740
809094426
201354592
2116909073
1964976872
2132285157
1996681050
2008734459
676943009
969970962
2021180596
2066350392
1963517099
471852626
2084672536
1280354906
1289694813
1275731771
609397212
20544909
1811450929
483031418
1785570479
600279048
1255020906
1625347246
1973504940
15731081
668901197
1279593659
153380495
1551745920
1499498950
910208076
1863986798
778933287
767661660
1712568902
1106985411
1033572046
1044246013
2039073006
1684602222
1812852786
667772469
746745227
735241234
1296707006
884961192
1276807514
136721026
1359573808
== rng_f MT 5489
0.276922971
0.872428834
0.0461713895
0.149113983
0.0971317738
0.994068503
0.823457837
0.821903288
0.694828629
0.125182763
0.317099482
0.763750017
0.950222075
0.490589052
0.0344460793
0.663605511
0.438744366
0.125896633
0.381558448
0.210209072
0.765516818
0.0512164272
0.795199931
0.0364412516
0.186872602
0.408731163
0.489764392
0.457989156
0.445586205
0.487568915
0.646313012
0.793974996
== rng_i_range MT 5489
545
250
451
131
1116
16
1093
722
1129
15
130
535
936
974
519
169
356
999
163
251
311
1166
645
87
517
114
1192
42
90
1124
294
376
== rng_gauss MT 5489
16
9
3
-9
-9
-10
-20
15
-4
-6
9
0
-3
9
26
6
9
-19
23
26
-9
43
-12
-8
13
20
21
-11
-27
23
-7
9
== rng_gauss_inv MT 5489
-10
29
-15
-34
43
24
-36
30
-28
-19
-48
31
34
-31
-37
39
45
-32
43
46
38
44
-31
-50
36
-31
-16
41
-49
27
49
41
== rng_dice MT 5489
11
10
16
12
11
8
15
11
12
16
10
7
18
19
19
16
== rng_u32 MT 3735928559
956529277
1694838489
1172069487
1843186657
557509997
595827513
938518626
1676224337
1073832003
1819026461
254295059
346545238
767405145
1590064561
619405304
1803631333
420562789
403515243
494605530
568249289
1989790960
1498092604
1538842714
833046734
1973735848
1319016508
1009566455
1291560905
405801135
1406019225
884093210
12071155
325813249
537282664
1356761916
1182364517
390261176
1589656393
680559404
728751548
1844955785
1765573487
185180547
443614858
534828213
732105562
1938158234
1809590667
1422497754
86559778
1812029060
52062311
1591655241
1737078146
322709260
1770204296
248177687
1077310370
192252891
186246413
1838565420
1711101382
1825788915
1345578828
== rng_f MT 3735928559
0.576695085
0.110522933
0.454634219
0.318086356
0.366703451
0.174812213
0.680800259
0.911939502
0.662804782
0.639859796
0.909288228
0.164063901
0.876778841
0.323064506
0.0704801753
0.667103946
0.343325883
0.409400344
0.332105637
0.8230533
0.859244108
0.640422165
0.00266725663
0.170743808
0.24775289
0.687042654
0.753198087
0.402529061
0.0485225059
0.510059536
0.147481948
0.573688805
== rng_i_range MT 3735928559
438
1144
812
259
973
839
967
116
312
979
301
559
803
482
1226
428
301
134
243
1026
1010
1126
1011
137
1013
752
820
181
1053
69
365
76
== rng_gauss MT 3735928559
20
-16
16
13
-8
14
14
-10
16
20
-20
-6
1
28
22
32
-3
12
20
15
-16
-8
-3
-22
3
23
-24
-19
6
-15
-9
-19
== rng_gauss_inv MT 3735928559
43
28
-49
31
-42
45
42
27
50
-12
-47
49
39
-40
43
-13
-19
-44
43
-23
48
-44
-47
-49
40
18
49
-41
-24
-42
-44
31
== rng_dice MT 3735928559
18
15
10
18
13
13
11
11
13
8
8
11
16
9
9
14
== rng_u32 MT 1
1791095845
2135392492
946286477
1857819721
491263
550290313
1298508491
2143362694
630311759
1013994432
396591248
1703301249
799981516
1666063943
1484172013
729053693
1704103302
1870626074
166716595
1487394069
1800426750
1345499493
795511699
105433557
878115723
1904615676
1624002027
986026652
117628829
147806607
732152371
1777953349
1792310487
1963679703
252070890
1849836273
602957303
1886039519
850839392
1195672663
1291688078
927586282
2011168138
1300333576
1346146623
398576445
826019351
77964602
1616579074
1567750017
1694822717
1413675218
365262088
1415635673
167739021
1172740723
729416111
254447594
1624109690
732412361
422396446
399713352
1808643459
737248711
== rng_f MT 1
0.957889557
0.411787868
0.533165276
0.197550893
0.691877127
0.289629638
0.315515637
0.142120138
0.686500907
0.783314466
0.834625661
0.412538856
0.0182882808
0.0341713093
0.750144303
0.624029994
0.988861084
0.66063571
0.748165667
0.298495293
0.280443996
0.446134508
0.789279342
0.222124547
0.103226013
0.0733641759
0.44789353
0.46923852
0.908595502
0.0961722583
0.293614149
0.903370142
== rng_i_range MT 1
2
340
63
538
60
572
166
121
75
691
1037
333
462
182
498
934
1076
270
202
343
1037
605
741
1175
903
90
1078
704
444
696
966
1195
== rng_gauss MT 1
1
7
1
4
15
-18
20
-38
-17
10
-32
22
6
12
21
21
-12
-22
7
-3
35
3
-5
-12
2
-22
-13
5
11
6
-30
0
== rng_gauss_inv MT 1
-39
14
-45
-12
-19
28
40
-19
-23
-39
-19
49
46
42
46
-38
-46
-49
-37
42
46
-18
-43
-34
-35
34
-30
18
-40
-24
-23
34
== rng_dice MT 1
15
11
13
11
6
13
7
11
9
11
13
15
16
13
9
15
== rng_u32 MT 42424242
265035470
670623481
1730315135
1532982089
429460769
1205247943
604643247
130979596
247327754
1888384983
1211222611
2123196819
1273406648
582099506
823595889
737061138
1393743809
1229738677
1465602741
1998328257
470413213
315041283
746520530
665321763
240507875
1266194767
452599392
357021324
2069432373
29350989
1386028296
191330736
1960586936
2116092651
1093336611
1021488528
1538475269
1516091002
144792287
2075517820
1733531765
1247032979
1029364392
2063027961
816192726
1207552561
1829096635
52812094
2085435579
1963866038
717547974
479882349
547831721
90404573
250613922
1815036805
162570805
1645772185
1948398888
1115308052
1905710209
1290981465
379598420
1404012789
== rng_f MT 42424242
0.35594812
0.976480722
0.497426808
0.518651426
0.733123958
0.82989949
0.622472346
0.308208853
0.894476473
0.857998431
0.298231363
0.1626506
0.14888753
0.6844908
0.902572334
0.632553399
0.926568747
0.596037745
0.795244634
0.431932658
0.756197572
0.201346174
0.0300677195
0.114132077
0.644854724
0.96793443
0.609052896
0.589446545
0.0418544002
0.643078268
0.686145484
0.558735132
== rng_i_range MT 42424242
808
927
691
508
1185
748
407
1226
763
550
20
726
963
684
18
1095
111
179
218
937
200
1090
816
984
870
904
220
720
128
327
1081
516
== rng_gauss MT 42424242
3
42
13
-26
-5
-9
-8
6
-35
1
-15
16
3
-28
20
-30
-25
-7
15
8
-7
-36
-1
5
-25
33
-15
12
18
-12
-8
4
== rng_gauss_inv MT 42424242
33
45
45
-49
-46
48
40
29
-28
-14
-44
41
46
44
29
-46
24
-21
50
-33
33
34
17
-50
-45
36
44
37
-36
-41
-30
-33
== rng_dice MT 42424242
14
10
15
16
15
12
8
13
13
14
17
11
9
14
10
9
== rng_u32 CMWC 5489
1962364529
1901966351
1799726928
1599617426
1572886441
156998971
219935249
2011245917
1797273246
1469996334
2074615530
344874617
1831178668
55007343
418211763
16628490
50619827
1077222877
1889301871
1099199506
2011896277
492640481
1670409258
625739237
1195114770
1621100084
314626833
1642379603
742667373
1210397287
29267377
1348648488
1970660281
154293082
1755977482
1676814505
1394421524
1686183868
766131968
1911614959
1503299144
672788807
2112279534
1669823367
1863950398
1990832330
2113759631
1757252333
1556686541
744156023
167516532
1159116660
999586404
959356573
2094597312
1302808644
1952049990
1221740548
2003328622
816568575
195219210
268011160
517399759
514069971
== rng_f CMWC 5489
0.940858662
0.590645611
0.291511625
0.92542392
0.035388574
0.356606394
0.601699352
0.788142979
0.176150709
0.605699241
0.910449266
0.601690233
0.325653046
0.166916087
0.113176823
0.59441942
0.613478363
0.643646896
0.250574023
0.300255269
0.995284796
0.313410074
0.397115439
0.973091066
0.73807615
0.080414623
0.297692478
0.538374364
0.450342864
0.824533165
0.220988393
0.175470546
== rng_i_range CMWC 5489
138
1161
177
970
648
369
686
1186
851
639
1045
869
705
450
488
814
254
1025
711
589
163
569
609
361
1117
1168
423
38
925
1096
786
1173
== rng_gauss CMWC 5489
-30
5
-6
-32
6
-19
-6
-14
10
-9
-17
-13
3
-45
-20
15
9
0
10
-10
2
-11
7
13
22
-24
-6
8
13
4
-24
-11
== rng_gauss_inv CMWC 5489
42
41
-41
45
40
42
-27
29
-43
-38
-37
-8
40
-42
-50
39
13
-48
41
49
48
-42
-41
45
38
-3
40
32
-44
-43
-48
-39
== rng_dice CMWC 5489
15
13
15
13
16
13
8
13
14
12
15
9
17
13
17
13
== rng_u32 CMWC 3735928559
274782743
609537464
1594502262
1605498790
1484327717
118862579
1012413304
95937071
1941142577
859299146
979270981
2005068162
570172005
590829187
1598225601
1214800640
1454386004
423223095
1498898421
1732478828
704883099
807826393
374416585
290281139
251324188
1715345459
369174542
443848457
1893815153
959585060
814420337
1664393978
809638074
1807682739
136240064
1408155105
2002737961
214003191
1580222033
901928798
1579878391
1473225096
70058003
1088624158
1438567159
122824451
532167952
947086247
1397998688
807041816
2053031233
1809449450
851042568
1048292988
349357708
1973174773
1213296702
753020805
899689938
263490034
444744584
200043009
728214383
1433021438
== rng_f CMWC 3735928559
0.729284346
0.953151286
0.478834212
0.291673571
0.209981069
0.470387459
0.181991279
0.00344825699
0.0780735165
0.702820003
0.525764883
0.1926056
0.377341062
0.526720405
0.209839255
0.64403677
0.190137178
0.119798928
0.432601392
0.755978346
0.131403074
0.371686816
0.950608075
0.0824047327
0.278221995
0.769080102
0.87042582
0.709348142
0.00370175298
0.849254608
0.391712606
0.308984309
== rng_i_range CMWC 3735928559
529
1169
601
687
461
155
139
758
1147
1149
388
114
824
862
1022
954
114
546
606
1073
234
547
481
730
385
1164
1078
191
226
17
454
1091
== rng_gauss CMWC 3735928559
15
-1
28
19
-18
-14
-26
22
-24
2
14
7
-24
17
-7
-2
-7
1
26
-3
20
-24
19
-19
-6
-11
-5
-11
6
-20
7
-20
== rng_gauss_inv CMWC 3735928559
-44
-47
47
46
-38
-13
10
-49
-38
48
-33
36
-43
-8
-42
37
9
44
-46
48
47
46
-40
34
-31
-45
34
39
40
-46
48
-49
== rng_dice CMWC 3735928559
13
8
13
12
13
10
12
12
13
11
11
17
11
12
9
15
== rng_u32 CMWC 1
409308278
1948231475
825775868
1400785383
963734135
1490731666
384260771
354580457
1080075701
456720432
1391075243
311549661
1923593338
177500909
334755611
2066922323
2021377762
1285999310
1267311448
700884694
875439524
635345708
1266089077
1082120918
140699295
1865886081
1120268658
1855511307
1237920500
294755638
305749231
2003783354
341096119
1586344232
1883483600
320494613
1005863075
517932798
1417553268
1082216501
281656300
774363052
581013051
553016739
786637216
2085549834
217973205
1967889966
292634291
1280959968
645159529
1416561756
562125409
146954003
468415865
863874548
2016622262
89177985
222984985
1465880673
208870575
108146625
2112863257
1205708953
== rng_f CMWC 1
0.01635346
0.398702085
0.830708921
0.860271752
0.379209757
0.679422975
0.387399971
0.973793507
0.752895415
0.497930616
0.926011384
0.597824037
0.408069074
0.129412502
0.649356842
0.702072263
0.829796433
0.536041439
0.128673986
0.63457346
0.00941817835
0.243310496
0.637447774
0.0751627684
0.687603533
0.894104004
0.358347595
0.151096553
0.267298371
0.824245155
0.931907952
0.808501303
== rng_i_range CMWC 1
273
1144
74
184
141
635
427
540
631
-10
520
210
525
487
18
836
623
411
788
638
1083
272
626
481
1206
399
8
978
372
262
661
177
== rng_gauss CMWC 1
-31
8
-18
3
12
23
21
-2
-9
-12
31
-2
-21
-22
-5
-23
9
-10
-10
15
3
-4
-7
-4
21
1
11
39
-16
-7
-17
-3
== rng_gauss_inv CMWC 1
-41
48
44
-30
32
34
41
-35
34
44
-46
-37
28
37
-38
43
-43
-44
50
35
-46
-48
-35
-37
-35
-33
50
43
49
39
42
40
== rng_dice CMWC 1
14
9
11
18
11
6
9
10
10
9
12
10
12
11
17
12
== rng_u32 CMWC 42424242
1079618331
2126666307
33737320
445716412
1978931160
369056086
2074484833
1810026967
1212813540
865640427
1470916424
1050599209
1248863109
157456932
853952920
1978027326
2036635666
1584995496
43399905
841780051
1605534051
1547070073
1778876844
317838150
550231970
850211347
1369899383
1543038818
1642021297
211818200
1469848720
906052908
1748054681
1257735403
836643050
1123859131
1156794158
2143092914
432985972
1036559052
1721589662
546388351
1498528900
1567041275
1740885319
1755563792
291703532
867428048
1936781815
1647061721
1378915352
1067422594
385662892
258031142
481462528
1793466944
1499769549
720508515
1707206063
726025622
1881363761
2013010419
850453500
2134591476
== rng_f CMWC 42424242
0.912252307
0.599681795
0.403868794
0.992971182
0.142888367
0.911879957
0.366826892
0.704215944
0.430782825
0.777311504
0.873253167
0.00570083968
0.611394167
0.830910146
0.591731012
0.704437196
0.49366191
0.116932645
0.5890764
0.59505707
0.97657001
0.608312726
0.50839287
0.185229048
0.187209025
0.0679123178
0.00309377629
0.309851736
0.484080881
0.220240444
0.0204150565
0.352573156
== rng_i_range CMWC 42424242
687
603
1002
1140
1008
868
314
621
114
398
127
674
563
1205
968
143
120
850
82
885
756
700
934
1215
1201
551
796
359
926
1221
1185
785
== rng_gauss CMWC 42424242
5
16
-17
11
-15
-22
3
3
-18
-8
26
-9
27
-13
-19
15
4
24
-5
-9
10
-9
8
-10
21
-7
-20
-21
-1
0
-6
8
== rng_gauss_inv CMWC 42424242
46
-29
-37
17
34
-48
-34
41
-34
-40
35
27
-39
-48
38
48
19
-34
-38
32
28
40
42
39
-26
-19
-46
-43
21
44
-29
-31
== rng_dice CMWC 42424242
11
11
15
14
18
12
12
11
15
11
10
9
12
14
6
16
== bres 0 0 7 3
0 0
1 0
2 1
3 1
4 2
5 2
6 3
7 3
== bres 7 3 0 0
7 3
6 3
5 2
4 2
3 1
2 1
1 0
0 0
== bres 2 2 2 9
2 2
2 3
2 4
2 5
2 6
2 7
2 8
2 9
== bres 5 5 -3 4
5 5
4 5
3 5
2 5
1 5
0 4
-1 4
-2 4
-3 4
== bres 0 0 0 0
0 0
== bres 10 2 3 8
10 2
9 3
8 4
7 5
6 5
5 6
4 7
3 8
== bres -4 -2 6 1
-4 -2
-3 -2
-2 -1
-1 -1
0 -1
1 -1
2 0
3 0
4 0
5 1
6 1
== fov map1 BASIC 7 6 0 1
0000001111000011
0000011111001111
0000111111011110
0000011111111000
0000011111110000
0000011111100000
0000011111100000
0011111111100000
0011111111110000
0000011111111000
0000011011111110
0000111011111111
== fov map1 DIAMOND 7 6 0 1
0000001111000011
0000011110011111
0000111111011111
0000011111111111
0000011111111000
0000011111100000
0000011111100000
0011111111100000
0011111111111000
0000011111111111
0000111011111111
0001111011111111
== fov map1 SHADOW 7 6 0 1
0000011111000011
0000011111011111
0000111111111111
0000011111111100
0000011111110000
0000011111100000
0000011111100000
0011111111100000
0011111111110000
0000011111111100
0000111011111111
0000111011111111
== fov map1 PERM0 7 6 0 1
0000011111000011
0000011111001111
0000011111011110
0000011111111100
0000011111110000
0000011111100000
0000011111100000
0001111111100000
0001111111110000
0000011111111100
0000111011111110
0000111011111111
== fov map1 PERM4 7 6 0 1
0000011111000011
0000011111011111
0000011111111111
0000011111111110
0000011111111000
0000011111100000
0000011111100000
0011111111100000
0011111111111000
0000011111111110
0000111011111111
0001111011111111
== fov map1 PERM8 7 6 0 1
0000011111000011
0000011111011111
0000011111111111
0000011111111111
0000011111111000
0000011111100000
0000011111100000
0011111111100000
0011111111111000
0000011111111111
0000111011111111
0001111011111111
== fov map1 RESTRICTIVE 7 6 0 1
0000001111000011
0000011110001111
0000111111011111
0000011111111100
0000011111111000
0000011111100000
0000011111100000
0011111111100000
0011111111111000
0000011111111100
0000111011111111
0000111011111111
== fov map1 SYMMETRIC 7 6 0 1
0000001111001011
0000011110001111
0000111111011111
0000011111111100
0000011111110000
0000011111100000
0000011111100000
0011111111100000
0011111111110000
0000011111111100
0000111011111111
0000111011111111
== fov map1 BASIC 7 6 6 1
0000000100000000
0000011111001000
0000111111010000
0000011111111000
0000011111100000
0000011111100000
0000011111100000
0011111111100000
0011111111100000
0000011111111000
0000011011110000
0000111011100000
== fov map1 DIAMOND 7 6 6 1
0000000100000000
0000011110001000
0000111111010000
0000011111111000
0000011111111000
0000011111100000
0000011111100000
0011111111100000
0011111111111000
0000011111111000
0000111011110000
0000111011100000
== fov map1 SHADOW 7 6 6 1
0000000100000000
0000011111000000
0000111111110000
0000011111111000
0000011111110000
0000011111100000
0000011111100000
0011111111100000
0011111111110000
0000011111111000
0000111011110000
0000111011100000
== fov map1 PERM0 7 6 6 1
0000011111000000
0000011111001100
0000011111011100
0000011111111100
0000011111110000
0000011111100000
0000011111100000
0001111111100000
0001111111110000
0000011111111100
0000111011111100
0000111011111100
== fov map1 PERM4 7 6 6 1
0000011111000000
0000011111011100
0000011111111100
0000011111111100
0000011111111000
0000011111100000
0000011111100000
0011111111100000
0011111111111000
0000011111111100
0000111011111100
0001111011111100
== fov map1 PERM8 7 6 6 1
0000011111000000
0000011111011100
0000011111111100
0000011111111100
0000011111111000
0000011111100000
0000011111100000
0011111111100000
0011111111111000
0000011111111100
0000111011111100
0001111011111100
== fov map1 RESTRICTIVE 7 6 6 1
0000001111000000
0000011110001100
0000111111011100
0000011111111100
0000011111111000
0000011111100000
0000011111100000
0011111111100000
0011111111111000
0000011111111100
0000111011111100
0000111011111100
== fov map1 SYMMETRIC 7 6 6 1
0000000000000000
0000011110000000
0000111111010000
0000011111111000
0000011111110000
0000011111100000
0000011111100000
0011111111100000
0011111111110000
0000011111111000
0000111011110000
0000111011100000
== fov map1 BASIC 7 6 6 0
0000000100000000
0000001111000000
0000001110010000
0000011110111000
0000001111100000
0000001111000000
0000001111000000
0001111111000000
0000001111100000
0000011011111000
0000011011110000
0000111011100000
== fov map1 DIAMOND 7 6 6 0
0000000100000000
0000001110000000
0000001110010000
0000011110111000
0000001111111000
0000001111000000
0000001111000000
0001111111000000
0000001111111000
0000011011111000
0000111011110000
0000111011100000
== fov map1 SHADOW 7 6 6 0
0000000100000000
0000001111000000
0000001110110000
0000011110111000
0000001111110000
0000001111000000
0000001111000000
0001111111000000
0000001111110000
0000011011111000
0000111011110000
0000111011100000
== fov map1 PERM0 7 6 6 0
0000011111000000
0000001111000100
0000001110011100
0000011110111100
0000001111110000
0000001111000000
0000001111000000
0001111111000000
0000001111110000
0000011011111100
0000111011111100
0000111011111100
== fov map1 PERM4 7 6 6 0
0000011111000000
0000001111010100
0000001110111100
0000011110111100
0000001111111000
0000001111000000
0000001111000000
0001111111000000
0000001111111000
0000011011111100
0000111011111100
0001111011111100
== fov map1 PERM8 7 6 6 0
0000011111000000
0000001111010100
0000001110111100
0000011110111100
0000001111111000
0000001111000000
0000001111000000
0001111111000000
0000001111111000
0000011011111100
0000111011111100
0001111011111100
== fov map1 RESTRICTIVE 7 6 6 0
0000001111000000
0000001110000100
0000001110011100
0000011110111100
0000001111111000
0000001111000000
0000001111000000
0001111111000000
0000001111111000
0000011011111100
0000111011111100
0000111011111100
== fov map1 SYMMETRIC 7 6 6 0
0000000000000000
0000001110000000
0000001110010000
0000011110111000
0000001111110000
0000001111000000
0000001111000000
0001111111000000
0000001111110000
0000011011111000
0000111011110000
0000111011100000
== fov map1 BASIC 0 0 0 1
1111111111111111
1111110011111000
1111100001000000
1111110000000000
1111111000000000
1110000110000000
1110000001100000
1110000000100000
1110000000000000
1110000000000000
1110000000000000
1110000000000000
== fov map1 DIAMOND 0 0 0 1
1111111111111111
1111110000111000
1111100000000000
1111110000000000
1111110000000000
1110000000000000
1110000000000000
1110000000000000
1110000000000000
1100000000000000
1100000000000000
1100000000000000
== fov map1 SHADOW 0 0 0 1
1111111111111111
1111111111111111
1111100000000000
1111110000000000
1111110000000000
1110000000000000
1110000000000000
1110000000000000
1110000000000000
1110000000000000
1110000000000000
1110000000000000
== fov map1 PERM0 0 0 0 1
1111111111111111
1111111111111111
1111100000000000
1111110000000000
1111110000000000
1110000000000000
1110000000000000
1110000000000000
1110000000000000
1110000000000000
1110000000000000
1110000000000000
== fov map1 PERM4 0 0 0 1
1111111111111111
1111111111111111
1111100000000000
1111110000000000
1111110000000000
1110000000000000
1110000000000000
1110000000000000
1110000000000000
1110000000000000
1110000000000000
1110000000000000
== fov map1 PERM8 0 0 0 1
1111111111111111
1111111111111111
1111100000011111
1111110000000000
1111110000000000
1110000000000000
1110000000000000
1110000000000000
1110000000000000
1110000000000000
1110000000000000
1110000000000000
== fov map1 RESTRICTIVE 0 0 0 1
1111111111111111
1111110000111000
1111100000000000
1111100000000000
1111110000000000
1110000000000000
1110000000000000
1110000000000000
1110000000000000
1100000000000000
1100000000000000
1110000000000000
== fov map1 SYMMETRIC 0 0 0 1
1111111111111111
1111110000111000
1111100000000000
1111100000000000
1111111000000000
1110000010000000
1110000001100000
1110000000100000
1110000000000000
1100000000000000
1100000000000000
1110000000000000
== fov map2 BASIC 4 3 0 1
0011111100
1001111001
1111111111
1111111111
1111111111
1001111001
0011111100
== fov map2 DIAMOND 4 3 0 1
1111111110
1101111101
1111111011
1111111111
1111111011
1101111101
1111111110
== fov map2 SHADOW 4 3 0 1
0001111100
1001111100
1111111111
1111111111
1111111111
1001111100
0001111100
== fov map2 PERM0 4 3 0 1
0001111000
0001111000
1111111111
1111111111
1111111111
0001111000
0001111000
== fov map2 PERM4 4 3 0 1
0001111100
1101111100
1111111111
1111111111
1111111111
1101111100
0001111100
== fov map2 PERM8 4 3 0 1
0001111100
1101111100
1111111111
1111111111
1111111111
1101111100
0001111100
== fov map2 RESTRICTIVE 4 3 0 1
0001111100
1001111000
1111111011
1111111111
1111111011
1001111000
0001111100
== fov map2 SYMMETRIC 4 3 0 1
0001111110
1001111000
1111111011
1111111111
1111111011
1001111000
0011111110
== fov map2 BASIC 1 1 4 0
0000000000
0111110000
0110100000
0111000000
0110000000
0100000000
0000000000
== fov map2 DIAMOND 1 1 4 0
0000000000
0111110000
0110000000
0111100000
0110000000
0100000000
0000000000
== fov map2 SHADOW 1 1 4 0
0000000000
0111110000
0110100000
0111100000
0110000000
0100000000
0000000000
== fov map2 PERM0 1 1 4 0
0000000000
0111110000
0110110000
0111000000
0110000000
0111000000
0000000000
== fov map2 PERM4 1 1 4 0
0000000000
0111110000
0110110000
0111100000
0110110000
0111010000
0000000000
== fov map2 PERM8 1 1 4 0
0000000000
0111110000
0110110000
0111100000
0110110000
0111010000
0000000000
== fov map2 RESTRICTIVE 1 1 4 0
0000000000
0111110000
0110010000
0111000000
0110110000
0111010000
0000000000
== fov map2 SYMMETRIC 1 1 4 0
0000000000
0111100000
0110000000
0111000000
0110000000
0000000000
0000000000
== astar map 0 1
2 1
3 1
4 1
5 1
6 1
7 1
8 1
8 2
8 3
8 4
8 5
9 5
10 5
10 6
10 7
11 7
12 7
13 7
14 7
15 7
16 7
17 7
18 7
== astar map 1.41 1
2 1
3 1
4 1
5 1
6 2
7 3
8 4
9 5
10 6
11 7
12 7
13 7
14 7
15 7
16 7
17 7
18 7
== astar func 1.41 1
2 1
3 1
4 1
5 2
6 3
7 4
8 5
9 6
9 7
10 7
11 7
12 7
13 7
14 7
15 7
16 7
17 7
18 7
== dijkstra dist
-1.00 -1.00 -1.00 -1.00 -1.00 -1.00 -1.00 -1.00 -1.00 -1.00 -1.00 -1.00 -1.00 -1.00 -1.00 -1.00 -1.00 -1.00 -1.00 -1.00 
-1.00 0.00 1.00 2.00 3.00 4.00 5.00 6.00 7.00 -1.00 14.05 14.46 14.87 15.28 16.28 17.28 18.28 19.28 20.28 -1.00 
-1.00 1.00 1.41 2.41 3.41 4.41 5.41 6.41 7.41 -1.00 13.05 13.46 13.87 14.87 15.87 16.87 17.87 18.87 19.87 -1.00 
-1.00 2.00 2.41 2.82 -1.00 -1.00 5.82 6.82 7.82 -1.00 12.05 12.46 13.46 14.46 -1.00 17.28 18.28 19.28 20.28 -1.00 
-1.00 3.00 3.41 3.82 -1.00 -1.00 6.82 7.23 8.23 -1.00 11.05 12.05 13.05 14.05 -1.00 18.28 18.69 19.69 20.69 -1.00 
-1.00 4.00 4.41 4.82 -1.00 -1.00 7.82 8.23 8.64 9.64 10.64 11.64 12.64 13.64 -1.00 17.87 18.28 19.28 20.28 -1.00 
-1.00 5.00 5.41 5.82 -1.00 -1.00 -1.00 -1.00 -1.00 10.05 11.05 -1.00 -1.00 -1.00 -1.00 16.87 17.87 18.87 19.87 -1.00 
-1.00 6.00 6.41 6.82 7.23 8.23 9.23 10.23 11.23 11.05 11.46 12.46 13.46 14.46 15.46 16.46 17.46 18.46 19.46 -1.00 
-1.00 -1.00 -1.00 -1.00 -1.00 -1.00 -1.00 -1.00 -1.00 -1.00 -1.00 -1.00 -1.00 -1.00 -1.00 -1.00 -1.00 -1.00 -1.00 -1.00 
== dijkstra path
2 1
3 1
4 1
5 1
6 2
7 3
8 4
9 5
10 6
11 7
12 7
13 7
14 7
15 7
16 7
17 7
18 7
== bsp 3735928559
0 0 80 50 0 0 47
0 0 47 50 1 1 21
0 0 47 21 2 0 11
0 0 11 21 3 1 13
0 0 11 13 4 1 6
0 0 11 6 5 0 0
0 6 11 7 5 0 0
0 13 11 8 4 0 0
11 0 36 21 3 0 21
11 0 10 21 4 1 14
11 0 10 14 5 0 0
11 14 10 7 5 0 0
21 0 26 21 4 1 9
21 0 26 9 5 0 0
21 9 26 12 5 0 0
0 21 47 29 2 0 31
0 21 31 29 3 0 11
0 21 11 29 4 1 41
0 21 11 20 5 0 0
0 41 11 9 5 0 0
11 21 20 29 4 0 17
11 21 6 29 5 0 0
17 21 14 29 5 0 0
31 21 16 29 3 1 36
31 21 16 15 4 0 38
31 21 7 15 5 0 0
38 21 9 15 5 0 0
31 36 16 14 4 1 42
31 36 16 6 5 0 0
31 42 16 8 5 0 0
47 0 33 50 1 1 16
47 0 33 16 2 0 69
47 0 22 16 3 0 59
47 0 12 16 4 1 10
47 0 12 10 5 0 0
47 10 12 6 5 0 0
59 0 10 16 4 1 8
59 0 10 8 5 0 0
59 8 10 8 5 0 0
69 0 11 16 3 1 9
69 0 11 9 4 0 0
69 9 11 7 4 0 0
47 16 33 34 2 0 59
47 16 12 34 3 1 35
47 16 12 19 4 1 24
47 16 12 8 5 0 0
47 24 12 11 5 0 0
47 35 12 15 4 1 41
47 35 12 6 5 0 0
47 41 12 9 5 0 0
59 16 21 34 3 1 22
59 16 21 6 4 0 73
59 16 14 6 5 0 0
73 16 7 6 5 0 0
59 22 21 28 4 1 40
59 22 21 18 5 0 0
59 40 21 10 5 0 0
== bsp 7
0 0 80 50 0 0 58
0 0 58 50 1 1 35
0 0 58 35 2 0 10
0 0 10 35 3 1 24
0 0 10 24 4 1 12
0 0 10 12 5 0 0
0 12 10 12 5 0 0
0 24 10 11 4 0 0
10 0 48 35 3 1 6
10 0 48 6 4 0 51
10 0 41 6 5 0 0
51 0 7 6 5 0 0
10 6 48 29 4 0 21
10 6 11 29 5 0 0
21 6 37 29 5 0 0
0 35 58 15 2 0 50
0 35 50 15 3 0 33
0 35 33 15 4 0 17
0 35 17 15 5 0 0
17 35 16 15 5 0 0
33 35 17 15 4 0 40
33 35 7 15 5 0 0
40 35 10 15 5 0 0
50 35 8 15 3 1 42
50 35 8 7 4 0 0
50 42 8 8 4 0 0
58 0 22 50 1 1 8
58 0 22 8 2 0 73
58 0 15 8 3 0 64
58 0 6 8 4 0 0
64 0 9 8 4 0 0
73 0 7 8 3 0 0
58 8 22 42 2 1 20
58 8 22 12 3 0 72
58 8 14 12 4 0 64
58 8 6 12 5 0 0
64 8 8 12 5 0 0
72 8 8 12 4 1 14
72 8 8 6 5 0 0
72 14 8 6 5 0 0
58 20 22 30 3 1 27
58 20 22 7 4 0 72
58 20 14 7 5 0 0
72 20 8 7 5 0 0
58 27 22 23 4 0 71
58 27 13 23 5 0 0
71 27 9 23 5 0 0
== bsp 123456
0 0 80 50 0 0 67
0 0 67 50 1 1 39
0 0 67 39 2 0 56
0 0 56 39 3 1 33
0 0 56 33 4 0 28
0 0 28 33 5 0 0
28 0 28 33 5 0 0
0 33 56 6 4 0 9
0 33 9 6 5 0 0
9 33 47 6 5 0 0
56 0 11 39 3 1 26
56 0 11 26 4 1 6
56 0 11 6 5 0 0
56 6 11 20 5 0 0
56 26 11 13 4 1 32
56 26 11 6 5 0 0
56 32 11 7 5 0 0
0 39 67 11 2 0 23
0 39 23 11 3 0 8
0 39 8 11 4 0 0
8 39 15 11 4 0 14
8 39 6 11 5 0 0
14 39 9 11 5 0 0
23 39 44 11 3 0 59
23 39 36 11 4 0 39
23 39 16 11 5 0 0
39 39 20 11 5 0 0
59 39 8 11 4 0 0
67 0 13 50 1 1 20
67 0 13 20 2 1 6
67 0 13 6 3 0 73
67 0 6 6 4 0 0
73 0 7 6 4 0 0
67 6 13 14 3 1 13
67 6 13 7 4 0 73
67 6 6 7 5 0 0
73 6 7 7 5 0 0
67 13 13 7 4 0 73
67 13 6 7 5 0 0
73 13 7 7 5 0 0
67 20 13 30 2 1 26
67 20 13 6 3 0 73
67 20 6 6 4 0 0
73 20 7 6 4 0 0
67 26 13 24 3 1 43
67 26 13 17 4 1 36
67 26 13 10 5 0 0
67 36 13 7 5 0 0
67 43 13 7 4 0 74
67 43 7 7 5 0 0
74 43 6 7 5 0 0
== noise 1
0 -0 0 0
0.224948213 -0.166851655 -0.33431524 0.281971931
0.431101739 -0.294020563 -0.450178981 0.59664917
0.49891752 -0.346476078 -0.298357248 0.537559271
0.394843936 -0.310301006 0.00768322125 0.649457157
0.171320558 -0.197979212 -0.000218234956 0.35551247
-0.0337777361 -0.0439664423 -0.110422015 0.10377235
-0.0962248594 0.105911061 -0.106967859 0.372286737
-0.0548782349 0.208016858 0.223649636 0.333276659
0.0281295776 0.23419261 0.153745726 0.142784819
0.0906659961 0.181184709 0.285782546 0.130877092
0.0705983639 0.0719152838 0.201226562 0.134741709
-0.0899496078 -0.056716051 -0.2284417 0.299838215
-0.326873302 -0.179341465 -0.463787228 0.578135252
-0.481896043 -0.287819147 -0.58416599 0.68395859
-0.473250926 -0.377377927 -0.508936346 0.621565938
-0.305162877 -0.441304594 -0.585750759 0.57327199
-0.067848444 -0.472409844 -0.511331201 0.165786341
0.141811013 -0.466430545 -0.362480551 0.316552252
0.372126311 -0.424224734 -0.185280159 0.440302074
0.495210201 -0.35132581 -0.207819924 0.580233932
0.448184699 -0.255127072 -0.348327875 0.619737267
0.254163146 -0.14167355 -0.17251794 0.320118219
0.0222498775 -0.0157434475 -0.0140029369 0.0634927154
== noise_wavelet 1
-0.0929218903
-0.207812563
-0.351223379
-0.41490826
-0.384257823
-0.17068699
0.242364734
0.523722947
0.42530641
0.0610401556
-0.245804474
-0.473594099
== noise 2
0.32042557 0.769109249 0.682399154 0.32042557
0.140318424 0.705858529 0.999999881 0.260721684
-0.105529487 0.469265521 0.288194925 0.205638736
-0.28981024 0.195864916 -0.155987069 0.433049411
-0.303504348 0.0937589929 -0.0517983437 0.38835898
-0.136035591 0.303180397 0.257978201 0.304280579
0.00823634863 0.649490416 0.995716214 0.198555231
0.0297141373 0.805244923 0.762120306 0.132015511
0.0436058193 0.587531209 0.376743168 0.184229851
0.116543025 0.08115004 0.10327626 0.19338797
0.210127205 -0.466464311 -0.34016344 0.446845502
0.221418604 -0.785300195 -0.695884526 0.398713917
0.0675062239 -0.709243655 -0.336484313 0.186837718
-0.161649019 -0.283193856 -0.0853271633 0.195672676
-0.357070893 0.234037414 -0.0589351654 0.382516235
-0.448702633 0.583281279 0.442351073 0.477003396
-0.447638512 0.717894137 0.538944185 0.653730154
-0.422324985 0.703396201 0.832644105 0.477937698
-0.421373308 0.554169655 0.988453984 0.547289848
-0.45507592 0.293226957 0.314012289 0.588574111
-0.432816863 -0.0314741433 -0.0854845792 0.627631366
-0.305829763 -0.337437719 -0.61892277 0.431628823
-0.117759436 -0.483901918 -0.755460322 0.128532812
0.0487733111 -0.39148286 -0.525894284 0.259324789
== noise_wavelet 2
-0.239119127
-0.488186628
-0.821722865
-0.959041834
-0.898620248
-0.653865695
-0.0460923314
0.401076406
0.217292681
-0.314867854
-0.445490688
-0.0307136364
== noise 3
-0.316369653 0.798011303 0.999999881 0.316369653
-0.0932383984 0.927338481 0.999999881 0.158538952
0.183829397 0.923183203 0.912228465 0.256258786
0.311741918 0.770353675 0.788202107 0.468715489
0.19043839 0.546833456 0.385449499 0.315113634
-0.0878351331 0.435263693 0.193319559 0.172831848
-0.291668892 0.488486886 0.515811801 0.369239211
-0.354636461 0.579966664 0.711151004 0.378563881
-0.285583347 0.534889042 0.582186639 0.428651512
-0.149457395 0.280710548 0.436245114 0.30878076
-0.06302315 -0.0958200395 -0.0941751674 0.156411633
-0.0850657821 -0.422375053 -0.49186486 0.194357201
-0.154642045 -0.551507175 -0.98602885 0.190646902
-0.259071767 -0.433041692 -0.830574512 0.288167179
-0.30426544 -0.139081627 -0.325829685 0.357246161
-0.226549461 0.182614684 0.197182819 0.278816402
-0.0500972569 0.41377297 0.330698311 0.134690419
0.127388343 0.539300501 0.297192514 0.303013772
0.230025142 0.552533686 0.275800228 0.495429188
0.298376024 0.431014925 -0.0394252464 0.507517517
0.325492084 0.220686406 -0.0727848634 0.426548958
0.29416728 0.0264709499 -0.10259445 0.416134983
0.193308994 -0.0589980744 -0.113584667 0.306922376
0.0518448651 -0.0297943354 -0.270599246 0.231414124
== noise_wavelet 3
-0.1733623
-0.119568333
0.134085968
0.117034666
-0.291741729
-0.531376302
-0.342372119
-0.0752207488
-0.0876951665
-0.175273314
-0.140735507
-0.200567558
== noise 4
0.011390686 -0.144913375 -0.0854292735 0.011390686
0.0512841232 -0.171240658 -0.00369776227 0.227378443
0.117689788 -0.144061372 -0.198480606 0.239194334
0.197211683 -0.0902814418 -0.0890941098 0.265902698
0.228518188 -0.0425407253 0.110938989 0.313052267
0.184645951 -0.0300386809 0.318939149 0.408140689
0.151653185 -0.0460487083 0.380364627 0.324350923
0.155063882 -0.0439425111 0.320743382 0.181415647
0.146586925 0.00479781395 0.420406401 0.325422883
0.106087118 0.084159568 0.516744792 0.246463209
0.101906732 0.148159891 0.435570329 0.232652724
0.187292919 0.154480189 0.116044432 0.365724266
-0.0547547601 0.0349684656 -0.0774310976 0.223776072
0.221810848 -0.228464991 -0.368470013 0.282943219
0.0896108747 -0.515628099 -0.684011281 0.125060156
0.0686584413 -0.669795394 -0.7158463 0.171377465
0.107110843 -0.61648792 -0.629415154 0.241568714
0.150842488 -0.397876084 -0.385256469 0.313528806
0.105375797 -0.130863622 -0.0374407284 0.258988947
-0.0105803609 0.0694202408 0.0962837487 0.0926260203
-0.0637727082 0.151033849 0.465544671 0.208981723
0.00582353026 0.140155748 0.310282767 0.0652070716
0.100723699 0.108038351 0.0500707068 0.140599564
0.0101750093 0.0921144411 -0.182803556 0.1006101
== heightmap chain
0.364761651 0.467272103 0.481158346 0.399502128 0.370402515 0.292128533 0.263683289 0.231220022 0.237083822 0.221946642 0.234176159 0.229529694 0.209666505 0.20552139 0.321281135 0.414916277 0.384733975 
0.586386859 0.677565694 0.650625229 0.677565694 0.451915085 0.374732822 0.471248418 0.448480397 0.277403742 0.231538787 0.219048679 0.259774327 0.339654803 0.441738337 0.508263886 0.572269082 0.478762984 
0.599294603 0.619346917 0.676602602 0.721931994 0.70351547 0.600576818 0.654803574 0.545695662 0.313378125 0.226444095 0.336271018 0.409174472 0.609880149 0.661339104 0.667541087 0.645212948 0.495203942 
0.467369258 0.527766526 0.684252501 0.811347544 0.76360476 0.754662633 0.753217101 0.733400881 0.509624422 0.432907432 0.638499796 0.557037055 0.677565694 0.677565694 0.663982928 0.604612172 0.450258791 
0.368387938 0.478559047 0.632003605 0.697872937 0.821388066 0.88794291 0.863180459 0.796530664 0.922441661 0.738736987 0.903521538 0.844643652 0.74265182 0.662981331 0.656305075 0.456875026 0.283191383 
0.250211537 0.412121177 0.47931838 0.51483494 0.810492158 0.957179427 0.884802043 0.937330663 1 0.938843846 0.907901049 0.874507427 0.846556723 0.676342666 0.577308655 0.302420527 0.178270742 
0.253854603 0.235905856 0.312484711 0.433490664 0.727674663 0.904534638 0.924416065 0.976830184 0.965174139 0.993622065 0.961225152 0.922623634 0.818295479 0.608680129 0.375588655 0.255071133 0.162957579 
0.234970868 0.257529318 0.232027382 0.354417026 0.626646936 0.664211988 0.846848726 0.967094898 0.999782503 0.977738619 0.844136357 0.760495722 0.587207913 0.49944371 0.225041315 0.168670774 0.196126103 
0.222225308 0.236581221 0.253542364 0.390588671 0.490536958 0.617392361 0.771216333 0.91989094 0.917305589 0.722084045 0.770679355 0.715227485 0.517943561 0.315060169 0.0527803674 0.247518346 0.276861489 
0.331168354 0.30616349 0.347304255 0.32619077 0.410934508 0.489700139 0.636381686 0.821651101 0.877824485 0.713488638 0.110163815 0.000362571736 0 0.0166486036 0.105686679 0.24791941 0.271154493 
0.284554034 0.222143978 0.301174194 0.440525144 0.468880594 0.46053496 0.520732403 0.672443092 0.700393915 0.165320322 0.0989836305 0.0346680842 0.0267217159 0.0271932557 0.0177397951 0.200556532 0.168344319 
0.305957973 0.220889926 0.221164301 0.258231968 0.362096041 0.450223148 0.422147393 0.486845821 0.709710121 0.259036571 0.0840389729 0.0457570478 0.0232013911 0.015411552 0.0199549217 0.01977662 0.0300292596 
0.263667226 0.333635479 0.334811717 0.269225001 0.269785047 0.312161297 0.354857773 0.456315845 0.592916906 0.246608362 0.121814862 0.100603782 0.066647999 0.0493241027 0.0204871222 0.0218386743 0.059246555 
0.457362413 0.504697025 0.347429514 0.230157346 0.23959747 0.217123866 0.231838986 0.333972484 0.439238101 0.186805427 0.0740969405 0.0533024333 0.0410305746 0.026430551 0.1722413 0.143896207 0.301217288 
0.494342357 0.431651682 0.437943429 0.231583089 0.241322294 0.286987066 0.231124848 0.216434032 0.349349469 0.194940418 0.123481229 0.215510786 0.167730451 0.114630707 0.234742925 0.288825691 0.333283603 
0.406852275 0.330551654 0.330672413 0.266479909 0.243112952 0.365101844 0.389826983 0.332355142 0.466095746 0.4132514 0.396240205 0.422307551 0.377335817 0.267807305 0.405701786 0.410396218 0.31668523 
0.521905422 0.405757934 0.355304658 0.333193988 0.414269418 0.445909113 0.45649296 0.301658809 0.401587337 0.480787724 0.448338479 0.369984537 0.502050996 0.467577517 0.532695055 0.46947363 0.344527006 
== heightmap interp
0.364761651
0.660961807
0.746035218
0.805877686
0.877124906
0.972149253
0.942282557
0.688209534
0.0107096098
0.0187428184
== heightmap mpd
0.186110049 0.145186856 0.124731384 0.10695117 0.0540535226 0.0368297696 -0.013234878 0.0768098235 0.0796891153 0.140027598 0.0509349033 0.0140474793 -0.0586298741 -0.119039677 -0.147625998 -0.193242371 -0.202410519 -0.187660232 -0.178592175 -0.168539926 -0.157687947 -0.182147026 -0.257281035 -0.258949995 -0.288459539 -0.245949805 -0.254130661 -0.296258748 -0.296305835 -0.29137361 -0.28936699 -0.126764178 0 
0.124531008 0.169733837 0.155872673 0.149672195 0.0631687418 -0.0212555453 -0.0217249785 -0.0194177683 0.0467376411 0.083110258 0.0378748924 -0.017461203 -0.0183273908 -0.19157654 -0.208431423 -0.206021845 -0.221516326 -0.196696088 -0.184251606 -0.223037422 -0.225315765 -0.24725154 -0.258177847 -0.217519432 -0.230604127 -0.218373299 -0.256164134 -0.267274618 -0.209294111 -0.250783086 -0.226475716 -0.140024677 -0.100808591 
0.221028715 0.177572653 0.146227956 0.119534858 0.116293103 -0.0499040112 0.00671097822 0.0328223705 0.0261185654 0.0633714572 0.026014708 7.67745078e-05 -0.102863282 -0.123552345 -0.191289932 -0.167185426 -0.155159086 -0.178381503 -0.144974872 -0.205837563 -0.163946524 -0.17467849 -0.204451576 -0.198616281 -0.274059325 -0.217723519 -0.291313976 -0.295908153 -0.324611515 -0.304229498 -0.17764847 -0.133138448 -0.0776391923 
0.204143554 0.145135909 0.189470425 0.213227734 0.132634431 0.0289734416 0.0468792655 -0.0511789694 -0.0972704738 0.0147597333 -0.00545037817 -0.0426129475 -0.0603220724 -0.101409823 -0.13353245 -0.140732005 -0.149698883 -0.111807607 -0.0514253937 -0.121944755 -0.126222461 -0.19576399 -0.164025277 -0.266636193 -0.298283279 -0.263376594 -0.293871552 -0.326502144 -0.317844689 -0.251231372 -0.206364483 -0.14432694 -0.115458235 
0.180235535 0.182411432 0.244615704 0.216366738 0.161255389 0.0732377917 0.0315391794 -0.0786098689 -0.0890524313 -0.0857637674 -0.0620662943 -0.0403557792 -0.00919744931 -0.0362044312 -0.0852513015 -0.044466991 -0.0754136443 -0.123390824 -0.0729195476 -0.0877854005 -0.0178541467 -0.102553308 -0.19608207 -0.214595005 -0.290016323 -0.252276063 -0.266247034 -0.27783528 -0.243767664 -0.208337784 -0.166872874 -0.129335225 -0.123305336 
0.195178762 0.141999304 0.10511788 0.11305391 0.117753521 0.0894482136 0.000474703498 -0.084871456 -0.134131134 -6.35758042e-05 -0.0668315291 -0.0473707467 -0.0189192407 -0.0170963239 -0.0504347682 0.00744074397 -0.0199868772 -0.117656589 -0.0807059854 -0.0169957615 0.0433341786 0.00346059911 -0.0704270601 -0.190146491 -0.260449022 -0.230209962 -0.245188221 -0.234906435 -0.213136345 -0.170421764 -0.139130071 -0.105992958 -0.0900265127 
0.200451791 0.206480891 0.146493435 0.0924047977 0.135331348 0.0875169486 -0.043327149 -0.0237715021 -0.11065948 -0.0214622803 -0.00434337929 -0.05332122 -0.0457781442 0.0207394175 0.0236712769 -0.0286586378 0.0410040691 0.0181335639 -0.0215329342 0.0249985754 0.0342387967 -0.0096815899 -0.0671230853 -0.143005654 -0.216520071 -0.260176808 -0.225404218 -0.188014746 -0.152623028 -0.160576299 -0.100861996 -0.0971155167 -0.0911484733 
0.29795748 0.196189284 0.176735267 0.159546152 0.195005894 0.0619868785 -0.0411662646 -0.148694992 -0.153818876 -0.0428200066 -0.0571118072 -0.0877332315 -0.0588596836 -0.0582533143 -0.0180851202 0.0212869048 0.0484986864 0.0270773061 0.0288909413 -0.0127682481 0.0326213203 -0.0226467624 -0.0359023139 -0.134692505 -0.151410326 -0.192159384 -0.186551124 -0.153675854 -0.137690946 -0.126690179 -0.0849018767 -0.0770410299 -0.0636501163 
0.320931435 0.292314917 0.205778718 0.184904367 0.202082589 0.092755869 -0.0542572215 -0.1534376 -0.184195891 -0.147681266 -0.100521356 -0.090555571 -0.0576873757 -0.0511501431 -0.0130624482 0.0498222783 0.0510567427 -0.00948566571 0.0549579002 0.0109285712 0.0465073064 0.10119316 0.0111935837 -0.0773721337 -0.0830289349 -0.19399552 -0.191448018 -0.180942267 -0.0985202342 -0.130092248 -0.107639492 -0.040398445 0.0493984893 
0.386988342 0.354920715 0.313689739 0.215443715 0.146620944 0.0613270104 -0.020598596 -0.0864561349 -0.133704826 -0.192951202 -0.191916585 -0.127781227 -0.104088701 -0.0148683125 -0.00224008411 0.0575443432 0.00230940059 0.0257008448 -0.0266322363 0.0865241513 0.0868239552 0.115280166 0.0520816818 0.0329370648 -0.0845953599 -0.140211672 -0.211360976 -0.129900739 -0.127874956 -0.0742191598 -0.0619175769 -0.0110195875 -0.0366648175 
0.370565951 0.383261651 0.358959615 0.333066761 0.18356052 0.171165049 -0.000664530322 -0.0693613142 -0.167957902 -0.215440392 -0.168435156 -0.172333241 -0.113253877 -0.00610311888 -0.048048947 0.0483965725 0.0220039953 -0.0394961312 0.0590305254 0.104019165 0.170500427 0.104804255 0.0886972249 0.000609953888 -0.0396034978 -0.158287138 -0.199302405 -0.14493677 -0.125049248 -0.0932143852 -0.0706750676 -0.0766848922 0.00708296522 
0.36025089 0.379211813 0.322910339 0.370874107 0.36478126 0.189823642 0.0394957326 -0.0596274734 -0.107642017 -0.202202827 -0.144350305 -0.182459995 -0.101577148 -0.104382068 0.013349954 0.0193082765 -0.0324600786 0.0723094642 0.0543489009 0.142558277 0.203753352 0.134241998 0.0475713089 0.039622128 -0.0775451511 -0.0805374756 -0.159468561 -0.176852256 -0.161396027 -0.0809436515 -0.0973791853 -0.122188002 -0.0750118196 
0.405319363 0.334503412 0.43975994 0.442192405 0.347445816 0.248387262 0.128069058 0.0139179444 -0.104255579 -0.113879964 -0.167224526 -0.196803764 -0.145381257 -0.123290621 -0.0150844064 -0.0173828974 0.0121696927 0.0415168852 0.0888611153 0.0898635983 0.121013157 0.106729031 0.077163659 0.0383756757 -0.0440381393 -0.0537979603 -0.184612885 -0.172970623 -0.101051956 -0.14431031 -0.0670871213 -0.0750820786 -0.127473131 
0.425511003 0.425675243 0.431147039 0.359074563 0.365975618 0.245941043 0.174436659 0.0203638393 -0.0356876329 -0.116964541 -0.223829702 -0.248841792 -0.179060489 -0.122964665 -0.0440816544 -0.100350067 -0.0241503716 0.0209178701 0.00204959698 0.013897324 0.0420006514 0.122714743 0.0574890375 0.0278069377 -0.110011883 -0.117016956 -0.129964799 -0.168460906 -0.197167695 -0.162396878 -0.0920157656 -0.0830789879 -0.0814523548 
0.419220209 0.416911751 0.383348614 0.319591641 0.284430265 0.24883005 0.149037227 0.096872054 -0.0142351501 -0.165151298 -0.24885501 -0.203450888 -0.204764485 -0.170831978 -0.0668107867 -0.0866054446 -0.0527494624 -0.0433429182 -0.0593289509 -0.0195587389 0.0190902669 0.0426731482 0.0390699543 -0.0035646772 -0.0670079887 -0.0400561467 -0.176596075 -0.176636636 -0.209721178 -0.202979878 -0.165062338 -0.173492968 -0.0806195289 
0.400273412 0.350439429 0.356537998 0.298275173 0.2855964 0.207363829 0.151731864 0.0910866559 -0.0123083293 -0.073877871 -0.149600536 -0.154727593 -0.190222755 -0.158709556 -0.167165101 -0.0744876415 -0.0727318302 -0.0875365362 -0.0989726186 -0.0373694412 -0.0136289727 -0.0469909459 -0.0341167524 -0.0114590693 -0.0663876981 -0.10129112 -0.20623742 -0.288238078 -0.245276958 -0.234193265 -0.225665957 -0.144768059 -0.132043123 
0.420140892 0.347658724 0.34976548 0.322525203 0.281573832 0.259436607 0.187888995 0.158033803 0.0304316189 -0.0493133999 -0.0849382728 -0.134409294 -0.129238993 -0.152465314 -0.116047524 -0.126405567 -0.0998366624 -0.155343413 -0.150285542 -0.145369545 -0.132094905 -0.171144977 -0.169488505 -0.112710327 -0.125378937 -0.228941366 -0.259570926 -0.246861145 -0.174326047 -0.226688474 -0.186303645 -0.152283147 -0.0940441489 
0.367816359 0.347096473 0.292122364 0.30208385 0.314138055 0.282884896 0.213432714 0.124066629 -0.00128077343 -0.0451697893 -0.0384820364 -0.138620526 -0.126587689 -0.11562188 -0.0854533985 -0.158642545 -0.136526078 -0.139119253 -0.250953972 -0.260379583 -0.225753903 -0.220482886 -0.187387452 -0.209752157 -0.194659561 -0.240572929 -0.221372947 -0.183870316 -0.172645524 -0.125443235 -0.146000624 -0.154129148 -0.115566738 
0.332023889 0.330984294 0.320060223 0.335512817 0.363926321 0.221061558 0.1404071 0.0261419415 -0.017836811 -0.0847734958 -0.0765179843 -0.152557254 -0.123245582 -0.0854829475 -0.143956393 -0.182136789 -0.21502772 -0.291785538 -0.204986513 -0.344425887 -0.301414728 -0.268227994 -0.274791241 -0.240486458 -0.265954942 -0.195780233 -0.208299682 -0.17917797 -0.102215081 -0.107066646 -0.157914937 -0.125919342 -0.0912569985 
0.344299525 0.293442041 0.368143648 0.314717799 0.256385446 0.201735839 0.150408447 0.0259315148 0.0113698598 -0.00843621045 -0.16575937 -0.180100322 -0.191194981 -0.176507309 -0.179760277 -0.261339396 -0.301944822 -0.255179673 -0.320742428 -0.415853649 -0.393846393 -0.397892207 -0.296635062 -0.305569589 -0.156773254 -0.206714347 -0.276601195 -0.236361817 -0.12612097 -0.111269549 -0.172452092 -0.140898824 -0.153826579 
0.372030407 0.347760439 0.277917355 0.313419461 0.272257596 0.172091305 0.101870209 0.0073595969 -0.0436108187 -0.0894414783 -0.160168797 -0.193393856 -0.222131923 -0.14873454 -0.235218138 -0.251662791 -0.278147966 -0.306408852 -0.417929947 -0.409667075 -0.457524896 -0.418172866 -0.343560159 -0.288583696 -0.216018245 -0.280547202 -0.21661821 -0.197312385 -0.18145974 -0.195181787 -0.294750333 -0.247452602 -0.153215989 
0.358051121 0.325178772 0.325050384 0.321578801 0.169810832 0.127827525 0.02522875 0.00521165878 -0.109685898 -0.161666155 -0.195975766 -0.164351314 -0.182374373 -0.231749102 -0.22593683 -0.236271665 -0.310123414 -0.399425149 -0.354111642 -0.398271888 -0.410161376 -0.457539439 -0.392027855 -0.307049006 -0.299650043 -0.294950753 -0.302911609 -0.299438596 -0.262394994 -0.266465068 -0.326598197 -0.320955396 -0.258224994 
0.305226237 0.306966245 0.296126872 0.188971654 0.15145041 0.117710143 0.0633970946 0.00837667007 -0.0520504415 -0.117580555 -0.16826883 -0.184048295 -0.121467777 -0.196393117 -0.202031508 -0.234939381 -0.281715155 -0.353848308 -0.344668239 -0.307581782 -0.37540704 -0.384728253 -0.403838843 -0.363385171 -0.328223586 -0.379263043 -0.372682095 -0.308174968 -0.332842112 -0.362350792 -0.367367238 -0.314268738 -0.30551964 
0.278008223 0.217416957 0.265381366 0.211848125 0.171474665 0.0867348239 0.0340276547 -0.0383795127 -0.0159286056 -0.037862964 -0.0998794734 -0.154918343 -0.165664062 -0.131496772 -0.153598651 -0.177896053 -0.223990694 -0.343877256 -0.317056417 -0.332221985 -0.358595699 -0.403515309 -0.370598882 -0.45587638 -0.422837287 -0.42024526 -0.374204248 -0.334594846 -0.376660466 -0.424575269 -0.355584741 -0.402971059 -0.353394002 
0.277371824 0.246666685 0.182018071 0.236924544 0.170394421 0.0673563406 0.00157325529 -0.0165407099 -0.0450742617 -0.0718432441 -0.0908566266 -0.12760447 -0.0648176372 -0.0643660501 -0.102515399 -0.114810199 -0.147311389 -0.237452045 -0.249281302 -0.333779395 -0.35862875 -0.337964058 -0.319127023 -0.419936121 -0.400167793 -0.385000855 -0.372713059 -0.321925163 -0.389091611 -0.369989574 -0.368841261 -0.425582498 -0.447070032 
0.242480785 0.204858899 0.137127519 0.199753374 0.172795475 0.146631211 0.106493264 0.0249402057 0.0196246617 0.00673503987 0.0114397416 -0.0613409728 -0.0809974968 -0.0237245411 -0.0328025818 -0.0566325374 -0.152625963 -0.211018592 -0.29578194 -0.292535603 -0.275826067 -0.274970144 -0.27651462 -0.335345179 -0.40863198 -0.35741666 -0.360110015 -0.305921376 -0.311825842 -0.330900967 -0.353886455 -0.377361834 -0.408803612 
0.240735859 0.204178095 0.219382957 0.193103492 0.132983252 0.203734562 0.131629258 0.0968855172 0.0448575877 0.058410462 -0.0030710008 -0.00312040653 0.00961842481 -0.0401596949 -0.0354018994 -0.0629953369 -0.100404993 -0.159382164 -0.193774894 -0.204475194 -0.228630438 -0.276523203 -0.259744108 -0.253533542 -0.317589194 -0.333756357 -0.328956872 -0.243426934 -0.337320477 -0.314956874 -0.307560235 -0.352819294 -0.40940994 
0.258737713 0.247225001 0.241232097 0.201559797 0.12320748 0.120535478 0.112957068 0.0901477784 0.119479664 0.0411751568 -0.00469545275 0.0470649675 0.0653728396 0.0215771683 -0.0249583442 -0.0733737275 -0.0262694266 -0.0497726575 -0.120579079 -0.175672963 -0.18629694 -0.240822524 -0.217484802 -0.22218889 -0.241278231 -0.256207973 -0.19701612 -0.261611193 -0.257211357 -0.270654649 -0.328051209 -0.287352413 -0.372720867 
0.257353425 0.174495578 0.250919014 0.174461022 0.125098854 0.130550176 0.0931550637 0.101831965 0.101620972 0.065718852 0.0498206913 0.034932673 0.103299893 0.085851565 0.0219963975 -0.0270033106 -0.0295040682 -0.0722069442 -0.115078487 -0.0834667534 -0.135344207 -0.138552457 -0.160130888 -0.194409549 -0.152873978 -0.196876109 -0.217501953 -0.218611091 -0.279492766 -0.239214957 -0.238777548 -0.216968924 -0.311788023 
0.163933784 0.186492428 0.169620976 0.183283493 0.137391329 0.0748004168 0.0212856308 0.0674948171 0.0705626011 0.0214746781 0.05479379 0.036155045 0.0663030744 0.0763363242 0.0753240809 0.0210724156 -0.0299621783 -0.0166902822 -0.0355289429 -0.0734081045 -0.0877626538 -0.0912383869 -0.143185943 -0.156855792 -0.14479886 -0.139805004 -0.0780877098 -0.137434229 -0.164764658 -0.178263709 -0.179938912 -0.169816971 -0.231189311 
0.186388552 0.143280998 0.16071786 0.107956901 0.091782175 0.106079727 0.01638221 -0.0424501151 -0.0150169339 -0.039201811 0.0203090198 0.0355737172 0.0398337469 0.068147406 0.110220283 0.0534610301 0.0150623666 -0.0177585091 -0.0309100337 -0.0672077611 -0.0832557976 -0.116481528 -0.111460641 -0.0927492753 -0.107203387 -0.0899376571 -0.0685070753 -0.0975875482 -0.117259726 -0.160033032 -0.0728785098 -0.145055249 -0.177772909 
0.0778138489 0.0792468488 0.142790511 0.0693291724 0.0611003712 0.0198655073 0.00706892647 -0.0681748018 -0.0934893787 -0.03774276 0.0338592827 0.0356737375 0.0819118246 0.0287171099 0.136157975 0.148864686 0.129703969 0.0637090355 0.0076371897 -0.0105640674 0.011644071 -0.042144008 0.00873837993 -0.0384189226 0.0171033144 -0.0805739909 -0.0783299804 -0.148992091 -0.138211876 -0.142939061 -0.137020752 -0.11193414 -0.16583778 
0 0.0511164889 0.0852915645 0.102999784 0.113748811 0.0738139451 0.0121074198 -0.0576198027 -0.159802273 -0.101990506 -0.0170661863 0.0158065073 0.0681753159 0.0704077259 0.126583323 0.137990236 0.210686177 0.108520843 0.0762944371 -0.0087816678 0.00800357014 -0.00263505988 -0.0473825224 0.0120334458 0.0513289422 -0.00460086018 -0.074268356 -0.116988301 -0.13673462 -0.164864749 -0.158102944 -0.104337439 0 
